S_x,S_y,S_z,Sx_sq,Sy_sq,Sz_sq,min_variance_SN,min_variance_norm,opt_angle,t
2.0,-0.016,-0.0103,4.0,0.9908,1.0127,0.9867852915163708,1.0,-0.3749760115693677,0.0
1.9999832891485647,-0.016204605781051457,-0.01017118019454347,3.9999810712677224,0.9905908612395138,1.0127645658158673,0.990404701872206,1.0036511082502766,0.09489335729083624,0.008
1.9998683639631767,-0.01640639136955378,-0.01004073428192476,3.9996650664662003,0.9907795142889976,1.01263185481494,0.9837125268493999,0.9967548640504307,0.4618316898059994,0.016
1.9996552774105376,-0.01660530606103561,-0.009908684968383678,3.999052124144536,0.9913657845789432,1.0123019481230469,0.9734179926768143,0.986113667066499,0.5990707014426604,0.024
1.9993441476506941,-0.016801300722984792,-0.009775056500616745,3.998142649432767,0.9923491421371691,1.0117750567914103,0.9624240777900912,0.9746729926572425,0.6635965151731729,0.032
1.9989351513767817,-0.016994326219447353,-0.00963987201204782,3.9969372852406573,0.99372870361246,1.01105152258443,0.9513207099825826,0.9630341830999641,0.7018586050665312,0.04
1.9984285287489756,-0.01718433358324849,-0.009503155342531572,3.9954369329422232,0.9955032282722209,1.0101318175280471,0.9402753304566192,0.9513703775131483,0.728147382193237,0.048
1.9978245800600234,-0.017371274140042425,-0.009364930836344026,3.9936427382379414,0.9976711219506426,1.0090165425205326,0.9293509820043415,0.9397488601082526,0.7480495966074644,0.056
1.9971236705428577,-0.017555099469943,-0.00922522324191571,3.9915561099623256,1.0002304430631566,1.0077064306345895,0.9185759374977144,0.9282016242556153,0.7641610729583396,0.064
1.9963262221224014,-0.01773576153621955,-0.00908405766226528,3.989178687084295,1.0031788926428726,1.0062023397394475,0.9079643114686471,0.9167462503369119,0.7778437076666578,0.07200000000000001
1.9954327194893846,-0.01791321272107239,-0.00894145960194773,3.986512362071943,1.006513831746471,1.0045052577698088,0.8975235873383142,0.90539353760955,-0.7809179002870196,0.08000000000000002
1.9944437074673247,-0.018087405699291,-0.008797454935046805,3.983559269781098,1.010232266869453,1.002616297805568,0.887257791136552,0.8941507162948455,-0.7700520533672081,0.088
1.993359786820474,-0.018258293628561857,-0.008652069915224178,3.9803217700034663,1.0143308670540876,1.0005366972216267,0.8771690073311194,0.883022978501688,-0.7600452211028078,0.096
1.9921816183710583,-0.018425830140618403,-0.008505331168706125,3.9768024630181107,1.0188059636605031,0.99826781904739,0.8672581472850379,0.8720142595948819,-0.7506882701460393,0.10400000000000001
1.990909924113232,-0.018589969345010227,-0.008357265689327445,3.9730041929169633,1.0236535527690203,0.9958111494067895,0.8575253722069027,0.861127666801469,-0.7418350277239336,0.11200000000000002
1.9895454819642535,-0.018750665887851767,-0.008207900834545324,3.9689300249564794,1.0288693065874346,0.9931682972085409,0.8479703534245783,0.8503657375397246,-0.7333802901955313,0.12
1.988089126163966,-0.018907875027192725,-0.008057264321017398,3.9645832464360176,1.0344485729351547,0.9903409921818127,0.8385924171276914,0.839730586096704,-0.7252464487168582,0.128
1.9865417503200238,-0.019061552556825276,-0.007905384219764357,3.9599673779897278,1.0403863714993178,0.9873310827106737,0.8293906335234482,0.8292239964132385,-0.7173750338696482,0.136
1.9849043023081525,-0.01921165501070187,-0.00775228897387442,3.955086151292619,1.0466774182524858,0.9841405342521677,0.8203638893835248,0.8188474911491588,-0.7097211588614198,0.14400000000000002
1.9831777844625826,-0.01935813957822984,-0.0075980073609118745,3.9499435082066854,1.053316124806154,0.9807714276479687,0.8115109321019293,0.8086023767267317,-0.7022498103663348,0.15200000000000002
1.9813632544521185,-0.01950096413319856,-0.0074425684923596115,3.944543601415094,1.0602965982662822,0.9772259590047688,0.8028303981678004,0.7984897733269716,-0.6949332945280762,0.16
1.9794618241133013,-0.019640087300926867,-0.007286001815774245,3.938890790056905,1.067612650073197,0.973506436754114,0.7943208365524955,0.7885106381627661,-0.6877494265572142,0.168
1.977474655470096,-0.019775468513077307,-0.0071283370926730726,3.9329896215713496,1.0752578077168449,0.9696152785248608,0.7859807224266411,0.7786657770245731,-0.6806802308434936,0.17600000000000002
1.9754029615338866,-0.019907068026396572,-0.006969604413749136,3.926844832227707,1.0832253201888602,0.9655550098770316,0.7778084698143605,0.768955858785696,-0.6737109964562534,0.184
1.973248005345341,-0.020034846946543894,-0.006809834191468177,3.9204613411358054,1.0915081653501655,0.9613282617019164,0.7698024423395016,0.7593814266762657,-0.6668295734374279,0.192
1.9710111008611748,-0.020158767350376427,-0.006649057145177164,3.913844251623424,1.1000990645515538,0.9569377689957465,0.7619609592350581,0.7499429063954415,-0.6600258402786991,0.2
1.9686936099385373,-0.02027879222104321,-0.00648730428881655,3.906998837559425,1.108990480893794,0.9523863678513937,0.7542823036192376,0.7406406135516863,-0.6532913067089363,0.20800000000000002
1.9662969420960783,-0.020394885514802178,-0.006324606933634327,3.8999305398449993,1.1181746321739108,0.9476769930691417,0.7467647256271999,0.7314747583202146,-0.6466187993966479,0.21600000000000003
1.9638225509450948,-0.020507012213979027,-0.006160996676013943,3.8926449499693443,1.127643502376988,0.9428126750715046,0.7394064468468873,0.7224454490243786,-0.6400022176612591,0.224
1.9612719359924942,-0.020615138342107802,-0.005996505389571548,3.8851478145587075,1.137388848866858,0.9377965382525973,0.7322056626571621,0.7135526978111664,-0.6334363441006525,0.232
1.958646639997334,-0.0207192310089018,-0.0058311652122842155,3.8774450227680064,1.1474022105586865,0.9326317978806458,0.7251605477469811,0.7047964262014824,-0.6269166920036935,0.24000000000000002
1.9559482471029994,-0.020819258457928043,-0.005665008536499751,3.8695425961978938,1.1576749216562943,0.9273217568165153,0.7182692577291554,0.696176467542892,-0.6204393812776069,0.248
1.9531783823765934,-0.020915190077264268,-0.0054980680070996785,3.8614466844998314,1.168198119712127,0.9218698034709165,0.7115299302792356,0.6876925701376653,-0.6140010420945354,0.256
1.9503387119879556,-0.021006996443427073,-0.005330376510522341,3.8531635632114973,1.1789627537236582,0.9162794092752139,0.7049406872293495,0.6793444018110668,-0.6075987353968573,0.264
1.9474309396622749,-0.021094649373800907,-0.005161967157906495,3.844699617782147,1.1899595985468505,0.9105541249467227,0.6984996387667043,0.6711315539541849,-0.6012298839791411,0.272
1.9444568053337348,-0.021178121910374763,-0.004992873285065014,3.836061335110921,1.2011792630933342,0.9046975772008311,0.6922048823408502,0.6630535421383453,-0.594892220416663,0.28
1.9414180845814135,-0.021257388366590007,-0.004823128439480979,3.827255298864905,1.2126122010726703,0.8987134662799048,0.6860545038810281,0.6551098095823331,-0.5885837423960317,0.28800000000000003
1.9383165874438937,-0.021332424391081253,-0.0046527663669384,3.8182881816837804,1.2242487229500363,0.8926055630474593,0.680046580758607,0.6472997319024217,-0.5823026739931676,0.29600000000000004
1.9351541553295968,-0.021403206998840612,-0.004481821001100142,3.8091667311228425,1.236079007995339,0.8863777051922529,0.6741791848262119,0.639622620698058,-0.5760474328644799,0.304
1.9319326605224576,-0.021469714534466684,-0.004310326460422064,3.7998977648092795,1.2480931113407245,0.8800337947088376,0.668450381966892,0.6320777256214435,-0.5698166062620843,0.312
1.928654005517028,-0.021531926740419906,-0.004138317028723457,3.7904881653755247,1.2602809764605283,0.8735777944668007,0.6628582318033093,0.6246642365223752,-0.5636089280684253,0.32
1.9253201211438231,-0.021589824781941176,-0.003965827146179016,3.780944870365096,1.2726324510300813,0.8670137250529834,0.657400788523612,0.6173812858982153,-0.5574232583165191,0.328
1.921932964311295,-0.021643391276785565,-0.0037928913911284396,3.7712748612012286,1.2851372952078457,0.8603456613729575,0.6520761043067985,0.6102279535849755,-0.551258566946332,0.336
1.9184945170651457,-0.021692610293670415,-0.003619544480234184,3.7614851569423196,1.2977851909254698,0.8535777294553769,0.6468822292897901,0.6032032690558631,-0.5451139207592502,0.34400000000000003
1.9150067839177118,-0.02173746738932184,-0.003445821253981109,3.751582801097335,1.310565754598268,0.8467141026274633,0.6418172118113833,0.5963062129128976,-0.5389884710691125,0.35200000000000004
1.9114717915278,-0.021777949633730868,-0.0032717566627477926,3.7415748584015143,1.3234685511448279,0.8397589986445079,0.6368790995055753,0.5895357206792118,-0.5328814423152463,0.36
1.9078915876827667,-0.02181404561578835,-0.0030973857516483363,3.731468408559692,1.3364831036003215,0.8327166764404011,0.632065939427071,0.5828906852264735,-0.526792123853969,0.368
1.9042682384594336,-0.021845745434927767,-0.0029227436493883055,3.7212705330813827,1.349598900699347,0.8255914325525964,0.6273757798529513,0.5763699596340114,-0.5207198628587709,0.376
1.9006038268665575,-0.021873040749766648,-0.0027478655613307097,3.7109883079154073,1.362805410647499,0.8183875976385925,0.6228066705069979,0.5699723595073956,-0.5146640567281869,0.384
1.896900451854906,-0.021895924798128033,-0.0025727867529301866,3.7006287978164196,1.376092093234589,0.8111095334585008,0.6183566636978338,0.5636966663375201,-0.5086241467075215,0.392
1.8931602257854891,-0.021914392389630465,-0.002397542538195132,3.6901990444395154,1.3894484107393281,0.803761629012877,0.614023814610789,0.5575416291351818,-0.5025996128136011,0.4
1.889385273060187,-0.021928439900593323,-0.002222168263347391,3.6797060601586664,1.4028638365663646,0.7963482973456109,0.6098061821987214,0.5515059673002838,-0.4965899697660414,0.40800000000000003
1.8855777295062655,-0.021938065293161117,-0.002046699296603439,3.669156823394612,1.4163278671071664,0.788873972439166,0.6057018284704223,0.545588372440821,-0.4905947632219841,0.41600000000000004
1.881739740452525,-0.021943268139527627,-0.0018711710183612856,3.6585582699963184,1.4298300336871859,0.7813431058405234,0.6017088199277912,0.5397875113353612,-0.4846135655797729,0.42400000000000004
1.8778734585608376,-0.021944049614169663,-0.0016956188052377752,3.647917283523034,1.4433599110320525,0.7737601630383396,0.597825228969234,0.53410202867941,-0.4786459728624118,0.432
1.8739810426932557,-0.02194041248686286,-0.0015200780181115147,3.6372406900282,1.45690712723853,0.7661296202642702,0.5940491335286271,0.528530548802877,-0.4726916024380965,0.44
1.8700646561822072,-0.021932361123422055,-0.0013445839858360563,3.6265352506462993,1.4704613735566787,0.7584559611033987,0.5903786176104203,0.5230716778074429,-0.46675009061348605,0.448
1.8661264650076794,-0.021919901479058222,-0.001169172001361104,3.615807653027834,1.4840124144964189,0.7507436731939185,0.5868117714246572,0.5177240052541707,-0.46082109069838406,0.456
1.8621686372563753,-0.021903041116081486,-0.0009938773021847436,3.605064509355353,1.4975500986564714,0.7429972453318996,0.5833466925019308,0.5124861073786757,-0.45490427049412063,0.464
1.858193340601506,-0.02188178919243293,-0.0008187350606605817,3.5943123460867668,1.5110643655063507,0.7352211639095383,0.5799814865458782,0.5073565488986332,-0.44899931101440377,0.47200000000000003
1.8542027409774233,-0.02185615645286953,-0.0006437803667348934,3.58355759875357,1.5245452553145031,0.7274199097639952,0.5767142674305513,0.5023338846810803,-0.44310590505496245,0.48000000000000004
1.850199001328136,-0.021826155221784084,-0.00046904821595049806,3.572806607116735,1.5379829180852893,0.719597955105023,0.5735431577654956,0.49741666188446576,-0.437223755810132,0.488
1.8461842799716837,-0.021791799369815682,-0.0002945735018654687,3.5620656089447222,1.5513676216376817,0.7117597603380924,0.5704662886139412,0.4926034210905641,-0.4313525762481664,0.496
1.8421607296364235,-0.021753104323825767,-0.0001203910020143588,3.551340736788146,1.5646897583679131,0.7039097711306682,0.5674818007508305,0.48789269906839616,-0.425492087878409,0.504
1.838130495749267,-0.021710087059689832,5.346463661883103e-05,3.54063801197628,1.5779398537831895,0.6960524153445536,0.5645878452044727,0.48328303043206416,-0.41964201976443405,0.512
1.834095714712515,-0.021662766075021784,0.0002269589097852946,3.5299633388615685,1.591108573559311,0.6881920999440508,0.561782583685784,0.47877294912945567,-0.41380210788045785,0.52
1.8300585127721236,-0.02161116137372235,0.0004000574678447934,3.5193225014398792,1.6041867310047793,0.6803332082206771,0.5590641890236263,0.4743609901769118,-0.40797209446692384,0.528
1.8260210047099017,-0.021555294448853117,0.0005727261250416259,3.5087211592328895,1.6171652959382488,0.67248009696095,0.556430845125273,0.4700456908211147,-0.4021517274775488,0.536
1.8219852924018214,-0.02149518826784728,0.000744930875249376,3.498164843680041,1.6300353976712598,0.6646370934160631,0.5538807479924542,0.46582559245435873,-0.39634076023434167,0.544
1.8179534630029712,-0.021430867256912595,0.0009166378998298249,3.4876589519398067,1.6427883325079409,0.6568084926145161,0.5514121067026333,0.46169924222320735,-0.3905389507507329,0.552
1.8139275882223496,-0.021362357263539994,0.0010878135820783083,3.4772087463939445,1.655415568802059,0.6489985547200343,0.5490231434364359,0.45766519431269476,-0.384746061632636,0.56
1.809909723166653,-0.021289685539123682,0.0012584245189019134,3.466819352319328,1.6679087527990666,0.6412115024350963,0.5467120940172427,0.4537220113590115,-0.3789618597218246,0.5680000000000001
1.8059019049607297,-0.021212880721270966,0.0014284375305209395,3.4564957542642274,1.6802597148166956,0.633451518432651,0.5444772082882628,0.4498682655347018,-0.3731861158781688,0.5760000000000001
1.801906151405462,-0.021131972796085585,0.0015978196711501024,3.4462427936077082,1.692460471982797,0.6257227426604483,0.542316750650778,0.4461025397112099,-0.36741860498627543,0.5840000000000001
1.7979244601957414,-0.02104699307861757,0.0017665382398844823,3.43606516788431,1.7045032334710333,0.6180292700803199,0.5402290008318109,0.4424234290077519,-0.3616591055866687,0.592
1.793958807270027,-0.020957974180804865,0.0019345607915812108,3.4259674272222997,1.716380404235093,0.6103751481397764,0.5382122545800987,0.43882954176458067,-0.3559073997937228,0.6
1.7900111454632985,-0.02086494998752659,0.0021018551472135436,3.415953971620652,1.728084588380302,0.6027643745033371,0.5362648245592196,0.4353195007521701,-0.35016327319612806,0.608
1.7860834040023554,-0.020767955622067017,0.002268389405776214,3.406029052482032,1.7396085938440868,0.5952008948797718,0.5343850402713406,0.4318919439210783,-0.34442651492926274,0.616
1.7821774870516176,-0.020667027412047092,0.0024341319494725726,3.3961967699300715,1.750945434322923,0.5876886006743711,0.5325712489011037,0.4285455253628891,-0.3386969176611374,0.624
1.7782952735319375,-0.020562202863963652,0.0025990514561618702,3.3864610754030537,1.7620883319794645,0.580231327149689,0.5308218158893963,0.4252789165878194,-0.33297427755976855,0.632
1.7744386154199883,-0.020453520628673116,0.002763116908367291,3.37682576864149,1.773030719416243,0.5728328511857415,0.5291351258612217,0.42209080727383985,-0.32725839426508957,0.64
1.7706093368376035,-0.02034102047359976,0.0029262976031492515,3.36729449782644,1.783766241973879,0.565496889328656,0.5275095833989318,0.4189799061973557,-0.32154907081332984,0.648
1.766809232887262,-0.020224743243444886,0.003088563161225539,3.3578707590249657,1.7942887604601931,0.5582270958807634,0.5259436135697536,0.41594494177319735,-0.3158461137654946,0.656
1.7630400687647245,-0.02010473081431703,0.0032498835324802923,3.348557895753339,1.8045923504453902,0.5510270610474814,0.524435662520758,0.41298466271252826,-0.3101493335483636,0.664
1.7593035792677392,-0.0199810260734436,0.003410229005981505,3.3393591015213744,1.814671304604772,0.5439003092740077,0.5229841983816212,0.41009783903768265,-0.3044585441932016,0.672
1.7556014680968681,-0.019853672883015056,0.0035695702175100644,3.3302774209948556,1.8245201352125198,0.5368502975853418,0.5215877116584019,0.407283262525835,-0.29877356345405776,0.68
1.7519354069703426,-0.019722716047466903,0.0037278781580162607,3.3213157508629165,1.8341335725664731,0.5298804139853325,0.5202447163937939,0.4045397476008684,-0.29309421286619014,0.6880000000000001
1.7483070343444258,-0.019588201273117972,0.003885124181653999,3.312476839453995,1.8435065662871624,0.522993975783061,0.518953750907606,0.4018661316479254,-0.2874203178150514,0.6960000000000001
1.7447179552295955,-0.01945017512542345,0.0040412800111726075,3.3037632897193667,1.8526342838907774,0.5161942282461977,0.5177133782537524,0.3992612755542955,-0.2817517078781671,0.7040000000000001
1.7411697401904227,-0.019308684993652174,0.004196317744882097,3.2951775593276498,1.8615121096000384,0.5094843431499284,0.5165221872250788,0.39672406423894463,-0.2760882168923635,0.712
1.7376639245842544,-0.019163779061616648,0.004350209862302376,3.286721962171705,1.8701356460172065,0.5028674174418881,0.5153787931744482,0.39425340709083323,-0.2704296828326868,0.72
1.7342020086266128,-0.019015506265841045,0.004502929232355813,3.278398673257613,1.878500714378062,0.49634647208598454,0.5142818383364761,0.3918482383454408,-0.26477594797291926,0.728
1.730785456186906,-0.01886391626906733,0.004654449118421984,3.2702097288230743,1.8866033533524926,0.48992445079925584,0.5132299931244655,0.3895075175782217,-0.25912685880240216,0.736
1.7274156941138625,-0.01870905941592898,0.004804743183673314,3.2621570279352303,1.89443981659497,0.48360421895327127,0.5122219569377924,0.3872302300127313,-0.253482266271941,0.744
1.7240941120508444,-0.018550986694877,0.004953785495819747,3.2542423356619556,1.902006570915331,0.4773885625551816,0.5112564586718357,0.385015386776852,-0.24784202599352326,0.752
1.7208220620689973,-0.018389749699908718,0.005101550533751199,3.2464672863813977,1.9093002938012342,0.47128018733183874,0.5103322574783529,0.38286202522328755,-0.2422059984066261,0.76
1.7176008578926476,-0.018225400598943578,0.005248013193293679,3.2388333851273914,1.9163178733481374,0.4652817178159584,0.5094481437160938,0.380769209167971,-0.2365740487149662,0.768
1.7144317742635078,-0.01805799210053414,0.005393148788216498,3.231342009722693,1.9230564073309055,0.45939569639540484,0.5086029398283131,0.37873602909771603,-0.2309460467528385,0.776
1.7113160469186723,-0.017887577421978405,0.0055369330556386325,3.223994415269373,1.9295132017245253,0.45362458263100186,0.5077955009001668,0.3767616023737446,-0.2253218671031074,0.784
1.7082548722014672,-0.01771421024871482,0.005679342159939666,3.2167917362460843,1.9356857664080624,0.44797075256136715,0.5070247154031362,0.37484507337988837,-0.2197013893339502,0.792
1.705249406797384,-0.01753794470207601,0.005820352696381448,3.2097349899320395,1.941571813448799,0.4424364980336181,0.5062895058341723,0.3729856136179097,-0.21408449800504123,0.8
1.7023007673805222,-0.01735883529973917,0.005959941694590139,3.202825079272492,1.9471692540906254,0.4370240261928385,0.5055888294632366,0.3711824218170071,-0.20847108283016777,0.808
1.6994100302213277,-0.017176936914036742,0.006098086625501476,3.196062796244392,1.952476195133412,0.43173545892415366,0.5049216790103591,0.3694347239504886,-0.20286103879888467,0.8160000000000001
1.6965782305237633,-0.016992304761385853,0.0062347653978025485,3.1894488228083415,1.957490938975403,0.4265728323103275,0.504287083660418,0.36774177336141833,-0.1972542657950181,0.8240000000000001
1.6938063629073055,-0.01680499436398297,0.00636995636291052,3.1829837364227425,1.9622119806562475,0.4215380963965834,0.5036841093368009,0.36610285082352595,-0.1916506688066614,0.8320000000000001
1.69109538093963,-0.016615061515473227,0.006503638317840805,3.176668012490829,1.9666380045669136,0.4166331147785716,0.5031118593598408,0.36451726445667015,-0.18605015797502203,0.8400000000000001
1.688446197013041,-0.01642256224778955,0.006635790506492913,3.170502027548535,1.970767880971459,0.4118596643676693,0.5025694750124124,0.362984349711143,-0.1804526486869342,0.848
1.6858596821865313,-0.016227552801471475,0.0067663926219125765,3.1644860625656297,1.9746006630841504,0.4072194351370161,0.50205613611791,0.3615034693359643,-0.1748580614888631,0.856
1.6833366658774247,-0.01603008958218004,0.006895424809294769,3.1586203063941762,1.9781355825947398,0.4027140298976825,0.5015710614208102,0.3600740131332519,-0.16926632232915348,0.864
1.6808779363856547,-0.015830229144377643,0.007022867664523707,3.152904859401818,1.9813720478367134,0.3983449643243645,0.5011135088493732,0.3586953979814976,-0.16367736253027096,0.872
1.6784842403059315,-0.015628028179565982,0.007148702236050575,3.1473397350892958,1.984309641799929,0.39411366683668286,0.500682776456045,0.3573670678654329,-0.15809111836100437,0.88
1.6761562825815997,-0.015423543472661729,0.0072729100269738195,3.1419248642465774,1.9869481192610012,0.39002147858693625,0.5002782025191027,0.35608849357800976,-0.15250753125249972,0.888
1.6738947265990278,-0.015216831876295515,0.007395472994372869,3.1366600981561246,1.989287402103722,0.3860696535480421,0.4998991658583962,0.3548591725964908,-0.1469265478678771,0.896
1.6717001938909486,-0.015007950281446027,0.007516373551138756,3.131545211310568,1.9913275758547664,0.3822593585015396,0.49954508628354666,0.35367862889117996,-0.14134811988634577,0.904
1.6695732645807597,-0.014796955594333855,0.0076355945654114086,3.1265799051457384,1.9930688866725856,0.3785916732785067,0.499215424523987,0.35254641268712544,-0.13577220421637143,0.912
1.6675144774533504,-0.014583904696285961,0.007753119358998212,3.1217638110059767,1.9945117370243794,0.3750675909091663,0.49890968214541365,0.35146210006792583,-0.1301987633194853,0.92
1.6655243300255276,-0.014368854451190611,0.007868931709826868,3.117096492980031,1.995656684877042,0.37168801791693046,0.49862740222157464,0.3504252931234264,-0.1246277644140118,0.928
1.663603278471042,-0.014151861678115139,0.007983015850484932,3.1125774504525356,1.9965044405160879,0.36845377453353495,0.49836816930054123,0.34943561954741553,-0.11905917957379474,0.936
1.6617517379701379,-0.013932983118271357,0.0080953564676974,3.108206121955451,1.9970558621350425,0.36536559507431143,0.4981316092597153,0.34849273235048456,-0.11349298588191822,0.9440000000000001
1.6599700825130048,-0.013712275411156381,0.00820593870217524,3.1039818869430746,1.9973119518601081,0.3624241282220776,0.4979173894515585,0.3475963095627281,-0.1079291652196906,0.9520000000000001
1.6582586453753783,-0.013489795086489918,0.00831474814767881,3.0999040694653015,1.9972738538562873,0.3596299375236646,0.497725218463113,0.3467460539631345,-0.10236770430205372,0.9600000000000001
1.6566177191423561,-0.01326559851917302,0.008421770847473708,3.0959719401103634,1.9969428493477197,0.3569835016949275,0.4975548456356006,0.34594169247073503,-0.0968085951240944,0.968
1.6550475560507625,-0.013039741928984563,0.008526993296091662,3.092184719272735,1.9963203549596722,0.354485215218522,0.49740606122485315,0.3451829761336503,-0.0912518343429827,0.976
1.6535483683141639,-0.012812281378237355,0.008630402438091971,3.0885415798551525,1.9954079201777357,0.35213538889178875,0.49727869615591064,0.34446967984470267,-0.08569742307187041,0.984
1.6521203282579098,-0.012583272743323543,0.008731985665955382,3.0850416495259205,1.9942072237058255,0.34993425035063536,0.49717262164018644,0.3438016019012969,-0.08014536694692702,0.992
1.6507635689147133,-0.012352771689997866,0.008831730818343838,3.0816840136463903,1.9927200693333023,0.34788194468002803,0.4970877485641413,0.34317856361867966,-0.07459567620238201,1.0
1.6494781839008963,-0.012120833670915059,0.008929626178825586,3.078467717519094,1.990948384345496,0.3459785349991635,0.49702402728051553,0.3426004089425347,-0.06904836543302025,1.008
1.6482642275466783,-0.011887513892937181,0.009025660471844998,3.075391767355676,1.9888942153858795,0.34422400299543804,0.49698144691555995,0.3420670038523378,-0.06350345387393061,1.016
1.647121715345674,-0.011652867304160108,0.009119822861289756,3.0724551328936216,1.9865597256996348,0.3426182496590591,0.4969600348389089,0.3415782360301336,-0.05796096530313485,1.024
1.64605062473287,-0.011416948603259256,0.009212102951502245,3.069656751380408,1.9839471934099455,0.3411610962086907,0.49695985622288663,0.3411340147452803,-0.0524209275552092,1.032
1.6450508952770564,-0.0111798122217183,0.009302490784294324,3.0669955287052226,1.9810590075336123,0.3398522847429521,0.49698101329717387,0.34073427030496123,-0.04688337252130686,1.04
1.6441224290605219,-0.01094151230443734,0.009390976835474633,3.064470341432027,1.9778976650389894,0.3386914790138632,0.4970236445603312,0.34037895357228476,-0.04134833630118925,1.048
1.6432650910350042,-0.01070210270407474,0.009477552014262015,3.0620800393219665,1.9744657687581355,0.337678265265966,0.49708792412583375,0.3400680355844604,-0.035815858966270035,1.056
1.642478709152946,-0.010461636965178777,0.009562207659607486,3.059823445989098,1.9707660241395948,0.3368121529764263,0.49717406092138017,0.33980150699423345,-0.030285984570355834,1.064
1.6417630743989722,-0.010220168305152216,0.009644935531804908,3.0576993585854635,1.9668012361065386,0.33609257541704196,0.4972822975855786,0.33957937728041165,-0.02475876145630235,1.072
1.641117942287096,-0.009977749625955998,0.009725727818176655,3.0557065542673905,1.962574307677825,0.3355188910403156,0.49741290976925634,0.3394016748562558,-0.019234241697006934,1.08
1.6405430328902666,-0.009734433500167302,0.009804577128939394,3.0538437896096577,1.9580882366300285,0.3350903842632266,0.49756620525497575,0.3392684464601934,-0.013712481040600957,1.088
1.6400380314021206,-0.009490272172923548,0.009881476494527322,3.0521098031616627,1.9533461131008891,0.33480626640471756,0.4977425229165547,0.33917975667075884,-0.008193538885022373,1.096
1.6396025882741803,-0.009245317540969397,0.009956419361539763,3.050503315912747,1.94835111671399,0.3346656765778364,0.497942231814103,0.3391356873502789,-0.0026774783657095547,1.104
1.6392363200157671,-0.008999621144783292,0.010029399592391824,3.0490230339232536,1.9431065142036077,0.3346676827465262,0.49816573009583615,0.33913633724125547,0.0028356337128950405,1.112
1.6389388089143235,-0.008753234162613062,0.010100411456416509,3.0476676461560186,1.9376156567840128,0.334811282371312,0.4984134438952147,0.33918182112238016,0.008345726795372958,1.12
1.638709604209888,-0.008506207412827357,0.01016944963090017,3.0464358287236397,1.9318819781374175,0.3350954037434852,0.4986858263209288,0.33927226963661994,0.013852726802176217,1.1280000000000001
1.6385482227273618,-0.008258591348151012,0.010236509199368972,3.0453262466478757,1.9259089919285914,0.3355189070664807,0.4989833563393382,0.33940782882822984,0.01935655620693086,1.1360000000000001
1.638454149241832,-0.008010436058265619,0.01030158564798586,3.0443375545781226,1.9197002895522186,0.3360805854255833,0.49930653761028687,0.3395886595423048,0.024857134076407723,1.1440000000000001
1.6384268372282393,-0.007761791265474605,0.010364674863826091,3.0434683990685802,1.9132595378076225,0.3367791659586072,0.49965589734725835,0.3398149370031528,0.03035437612955498,1.1520000000000001
1.6384657091160244,-0.00751270631369489,0.010425773129903997,3.0427174182853074,1.9065904765873452,0.33761331085676516,0.5000319852065463,0.34008685020879104,0.03584819468361112,1.1600000000000001
1.6385701565384558,-0.00726323015837025,0.010484877121311957,3.042083241924639,1.8996969166520463,0.3385816183393246,0.5004353721516407,0.34040460130584355,0.04133849845275613,1.168
1.6387395408416405,-0.007013411373607327,0.010541983900013395,3.0415644915517803,1.8925827368646504,0.33968262369619123,0.5008666491839677,0.3407684049792657,0.04682519272922873,1.176
1.6389731945378507,-0.006763298150409736,0.010597090917073258,3.0411597853604273,1.8852518826769602,0.3409148008406714,0.50132642622795,0.34117848833624564,0.05230817948142771,1.184
1.6392704213463039,-0.0065129382965418495,0.01065019600774086,3.0408677372009403,1.8777083639600762,0.3422765632615234,0.5018153309933988,0.3416350901837938,0.05778735728175765,1.192
1.6396304969650566,-0.006262379234874027,0.01070129739036758,3.0406869584046294,1.8699562517741593,0.3437662652923783,0.5023340078157906,0.3421384605881281,0.06326262140829039,1.2
1.6400526694405029,-0.006011668005770762,0.010750393661963198,3.040616057889735,1.8619996767821736,0.34538220325815755,0.5028831165353382,0.34268886028574347,0.06873386391231592,1.208
1.6405361597617545,-0.00576085126255007,0.010797483793172757,3.040653642477927,1.853842828060257,0.3471226165713639,0.5034633312430977,0.3432865600874462,0.07420097337297943,1.216
1.6410801620100461,-0.005509975265073284,0.010842567123176704,3.040798315369649,1.8454899510759448,0.3489856887209792,0.5040753390939986,0.34393184013068523,0.07966383485171903,1.224
1.641683844784373,-0.0052590858829166184,0.010885643360539939,3.041048680842586,1.8369453441096655,0.3509695488636058,0.5047198392403581,0.34462498973542655,0.08512232987141084,1.232
1.6423463516695034,-0.005008228599029859,0.010926712579396054,3.0414033441312327,1.8282133572200732,0.3530722730136873,0.5053975417110361,0.34536630681064595,0.0905763364429451,1.24
1.6430668017315655,-0.0047574485078627745,0.010965775216945214,3.04186091193402,1.8192983898946808,0.35529188525186817,0.5061091663521261,0.346156097298023,0.0960257289772936,1.248
1.6438442904921677,-0.0045067903184395726,0.011002832071433533,3.0424199945935957,1.810204888899615,0.35762635904278745,0.5068554416090542,0.34699467469411166,0.10147037827459209,1.256
1.6446778901217165,-0.004256298350439447,0.0110378842982938,3.0430792049298137,1.8009373453822999,0.3600736185231537,0.5076371037590461,0.3478823595337961,0.10691015151250755,1.264
1.6455666494443637,-0.00400601654860056,0.011070933402111929,3.0438371556709205,1.7915002936147775,0.3626315394248985,0.5084548956323092,0.34881947842450356,0.11234491236116234,1.272
1.6465095954565627,-0.003755988459432093,0.011101981237438562,3.0446924637686714,1.7818983105450363,0.36529795060145726,0.5093095656302027,0.3498063639036242,0.11777452038613045,1.28
1.6475057341539956,-0.0035062572462960353,0.011131030006439774,3.0456437519659803,1.7721360115749138,0.36807063546728225,0.5102018667863897,0.3508433540159042,0.1231988311899633,1.288
1.648554050757861,-0.003256865688407471,0.011158082254871143,3.0466896476733334,1.7622180494448159,0.37094733314562744,0.511132555852635,0.3519307916313767,0.1286176962712969,1.296
1.6496535105164993,-0.0030078561806775447,0.011183140869766826,3.047828784405074,1.7521491115583456,0.3739257398155195,0.5121023923719622,0.35306902397763684,0.13403096289183222,1.304
1.6508030596973695,-0.002759270734485957,0.011206209077985705,3.0490598037599295,1.7419339185026732,0.37700351012893996,0.5131121377172015,0.3542584022083128,0.13943847396374795,1.312
1.6520016256783356,-0.002511150985467658,0.011227290439913355,3.0503813532284476,1.7315772221684917,0.3801782583764523,0.5141625542718258,0.3554992806615531,0.14484006803680477,1.32
1.653248117355951,-0.0022635381981150043,0.011246388845676487,3.0517920855743714,1.7210838024692134,0.3834475597542449,0.5152544045583182,0.3567920161922685,0.15023557937665116,1.328
1.6545414262248426,-0.0020164732366559006,0.011263508513994089,3.0532906614394046,1.7104584661146809,0.38680895185503567,0.5163884508319638,0.35813696809173673,0.15562483710839628,1.336
1.655880427464948,-0.0017699965998077363,0.011278653988503487,3.0548757506910484,1.6997060449019914,0.3902599359580213,0.5175654537178921,0.3595344973278588,0.16100766548101758,1.344
1.6572639801594653,-0.0015241484084600168,0.011291830135639815,3.056546032179188,1.6888313930746088,0.39379797840244835,0.5187861718656365,0.3609849660899021,0.16638388363069204,1.352
1.6586909280982771,-0.0012789684057393934,0.011303042141657409,3.0583001946706396,1.6778393849463722,0.3974205119010086,0.5200513612220483,0.36248873729861164,0.17175330527169033,1.36
1.6601601007886955,-0.0010344959623671847,0.011312295511452181,3.060136938672106,1.6667349136770986,0.40112493703216184,0.521361774254165,0.36404617414847057,0.17711573862055918,1.368
1.6616703135937132,-0.0007907700725227546,0.011319596062547703,3.062054974543986,1.6555228887471363,0.40490862345579187,0.5227181595921447,0.3656576395389503,0.18247098600693826,1.3760000000000001
1.663220368451467,-0.0005478293477986459,0.011324949922563277,3.0640530233812733,1.6442082339273463,0.40876891127247506,0.5241212615598178,0.36732349565614536,0.1878188434595362,1.3840000000000001
1.664809054702997,-0.0003057120180918046,0.01132836352586823,3.066129817740034,1.632795885881506,0.4127031124319906,0.5255718196173803,0.369044103519457,0.193159100405426,1.3920000000000001
1.6664351498288912,-6.445595212158052e-05,0.01132984361128631,3.0682841023021243,1.6212907916082633,0.4167085120252627,0.5270705675221183,0.3708198222673061,0.19849153967304703,1.4000000000000001
1.668097419962481,0.0001759013412960769,0.011329397217892532,3.0705146339829517,1.6096979054540037,0.4207823695602924,0.5286182327409031,0.37265100849561533,0.2038159373577067,1.4080000000000001
1.6697946209140704,0.00041532273170181684,0.011327031684629084,3.0728201839648754,1.5980221879604009,0.42492192049905153,0.5302155364139489,0.3745380161902292,0.20913206196558737,1.416
1.671525498844285,0.0006537714663733011,0.011322754646984269,3.0751995378883903,1.586268604174273,0.42912437761938366,0.5318631929797244,0.37648119624716475,0.21443967400758737,1.424
1.673288790450363,0.0008912111681341778,0.011316574032056421,3.077651494306046,1.5744421207341681,0.43338693227683206,0.5335619100174609,0.37848089590587575,0.21973852563834065,1.432
1.6750832237179325,0.001127605842595779,0.011308498055720363,3.080174865348468,1.5625477037071833,0.43770675578670926,0.5353123880892808,0.38053745841576986,0.22502836004467924,1.44
1.676907519120678,0.001362919860016028,0.01129853522016414,3.082768478882716,1.550590318078634,0.4420810008392534,0.5371153198592638,0.38265122237497146,0.23030891125806252,1.448
1.6787603901421204,0.00159711795342566,0.011286694312382654,3.085431178685141,1.5385749245335065,0.4465068028684475,0.538971389953331,0.38482252126941324,0.23557990373788618,1.456
1.6806405435445537,0.0018301652305016572,0.011272984399113284,3.088161823306911,1.5265064776100468,0.4509812811884769,0.5408812750826058,0.3870516830661328,0.24084105133523473,1.464
1.6825466804693123,0.0020620271772533562,0.01125741482605263,3.0909592878508096,1.514389924817327,0.45550154054578995,0.5428456438493467,0.3893390299447088,0.24609205663457573,1.472
1.6844774970616412,0.0022926696588239153,0.011239995213540807,3.0938224638294534,1.5022302041827984,0.46006467242243587,0.5448651566522592,0.39168487786956574,0.2513326102373922,1.48
1.6864316846812817,0.0025220589161642423,0.011220735452660292,3.096750257827927,1.4900322417038752,0.4646677562655231,0.5469404657603684,0.39408953607547464,0.25656239003986336,1.488
1.6884079310258069,0.0027501615582228335,0.011199645702557406,3.0997415931675545,1.477800950356795,0.4693078609250823,0.5490722148512837,0.39655330657688664,0.2617810605999985,1.496
1.6904049207390581,0.0029769445751332566,0.011176736387766699,3.102795409636391,1.4655412287784806,0.4739820459721296,0.5512610393328023,0.39907648399273954,0.26698827180621815,1.504
1.692421336082936,0.0032023753324516633,0.011152018195914609,3.105910664068218,1.4532579588850765,0.4786873629737297,0.5535075661997719,0.40165935505471695,0.2721836580230043,1.512
1.694455857400838,0.003426421577228004,0.011125502073766152,3.1090863296534534,1.4409560045001804,0.48342085671801277,0.5558124142642374,0.40430219827825375,0.27736683674141627,1.52
1.6965071642052685,0.0036490514389024876,0.011097199225878015,3.112321397241313,1.4286402105515397,0.4881795666654447,0.5581761940706046,0.4070052836931668,0.28253740735418176,1.528
1.6985739354783222,0.0038702334146207187,0.01106712111096797,3.1156148740717455,1.4163154008755876,0.49296052825474235,0.5605995078817876,0.40976887224547703,0.28769495024255665,1.536
1.7006548497093004,0.004089936392825521,0.011035279436817797,3.118965781107446,1.403986376640822,0.49776077396918833,0.5630829506827114,0.4125932158044985,0.2928390244835451,1.544
1.702748586368796,0.004308129644528465,0.01100168615721984,3.1223731553782526,1.3916579161854148,0.5025773347904524,0.565627109631219,0.4154785567253106,0.2979691664825377,1.552
1.704853826528621,0.0045247828225534244,0.010966353470971288,3.1258360499813427,1.3793347732099182,0.5074072415046584,0.5682325643302902,0.4184251276005246,0.3030848881953275,1.56
1.7069692532513134,0.0047398659657181584,0.01092929381841707,3.1293535329411215,1.3670216756356348,0.5122475258226674,0.5708998871928064,0.4214331509648568,0.30818567490820803,1.568
1.7090935524137785,0.004953349494210075,0.01089051987929705,3.132924687417736,1.354723324785998,0.5170952217579993,0.5736296435362955,0.4245028390135519,0.31327098317677865,1.576
1.7112254132681963,0.005165204221583129,0.010850044568605555,3.136548610532884,1.342444394889713,0.5219473668058334,0.5764223921317518,0.42763439352910143,0.3183402379475625,1.584
1.7133635285162556,0.005375401348729051,0.010807881032127641,3.1402244106178974,1.330189531675437,0.5268010030342684,0.5792786856886272,0.4308280055202997,0.3233928298628501,1.592
1.715506595351075,0.005583912462247362,0.010764042645017523,3.1439512076922047,1.3179633522110044,0.5316531784729368,0.5821990709328907,0.4340838550431157,0.3284281123272694,1.6
1.7176533159629912,0.005790709540040944,0.010718543005918967,3.147728132112899,1.3057704445498572,0.5365009482574141,0.5851840890735303,0.43740211104970966,0.333445397918497,1.608
1.71980239844887,0.005995764947237163,0.010671395937605223,3.151554325268375,1.2936153668999741,0.5413413759506178,0.5882342760628189,0.44078293129516566,0.338443954750818,1.616
1.7219525569413852,0.006199051437893313,0.010622615483976344,3.1554289368093076,1.2815026471337103,0.5461715345647457,0.5913501631749303,0.4442264620935895,0.34342300218042815,1.624
1.724102512499559,0.006400542162317124,0.010572215904373058,3.159351123673112,1.2694367834772737,0.5509885077853343,0.594532277379886,0.44773283831755567,0.3483817058639156,1.6320000000000001
1.7262509935922064,0.006600210665631887,0.010520211671011248,3.1633200485653923,1.2574222442090683,0.5557893911357608,0.597781141822156,0.4513021832793048,0.3533191725789825,1.6400000000000001
1.728396735971399,0.006798030885207074,0.010466617464759048,3.1673348763022027,1.2454634670665823,0.560571292896705,0.6010972766192454,0.4549346085431917,0.3582344442991088,1.6480000000000001
1.7305384841934142,0.006993977150553652,0.010411448174380824,3.1713947752994693,1.233564859828124,0.5653313355799132,0.6044811988143967,0.4586302139706866,0.363126491948787,1.6560000000000001
1.7326749923927527,0.007188024176848285,0.010354718894225401,3.1754989170093566,1.2217308002978016,0.5700666572702039,0.6079334227275642,0.4623890876981288,0.367994208466083,1.6640000000000001
1.7348050240859876,0.007380147072910154,0.010296444918283337,3.179646471029121,1.209965637152957,0.5747744123193617,0.611454460712899,0.4662113059215132,0.37283640016263536,1.6720000000000002
1.73692735269712,0.007570321338558131,0.010236641737942448,3.1838366034111245,1.1982736907179774,0.5794517724751446,0.6150448234147218,0.47009693268998165,0.3776517777839504,1.68
1.7390407623181532,0.007758522872023995,0.010175325038517,3.188068475028674,1.1866592537068699,0.5840959281436233,0.6187050205334806,0.47404602023272385,0.38243894604563744,1.688
1.7411440479986204,0.007944727959963154,0.0101125106965394,3.1923412388569035,1.175126591356256,0.5887040893908198,0.6224355611272867,0.4780586086947333,0.3871963924441108,1.696
1.743236016125266,0.008128913279887243,0.01004821477778103,3.1966540376094166,1.1636799422464186,0.593273487040699,0.6262369542299833,0.48213472617746,0.3919224742829887,1.704
1.745315485331023,0.00831105589789401,0.009982453532426171,3.201006002663629,1.152323519114048,0.5978013737359804,0.6301097087648507,0.48627438854737964,0.3966154043198618,1.712
1.7473812870829353,0.008491133264716014,0.009915243391307938,3.205396251838726,1.1410615097268502,0.6022850251158651,0.634054333855141,0.4904775993935203,0.40127323453636377,1.72
1.7494322662245603,0.008669123213291611,0.009846600966105984,3.2098238871737985,1.1298980782261443,0.6067217408919028,0.6380713386521074,0.4947443496066656,0.4058938379500045,1.728
1.751467281108487,0.008845003958191983,0.009776543043365078,3.214287991155546,1.118837366389546,0.6111088457479251,0.6421612326830558,0.49907461714416906,0.4104748874533761,1.736
1.7534852043442082,0.009018754105216346,0.009705086583568251,3.21878762533238,1.1078834953232901,0.6154436905500985,0.6463245264356383,0.503468367343187,0.4150138314256548,1.744
1.7554849225956088,0.009190352637791586,0.009632248715947435,3.223321825230553,1.097040566404839,0.6197236531581366,0.650561730845584,0.5079255518589356,0.419507867269703,1.752
1.757465337693082,0.009359778916649669,0.009558046735926657,3.227889599847917,1.0863126614347387,0.6239461395768663,0.6548733567776334,0.5124461083590507,0.42395391089644296,1.76
1.7594253670397912,0.009527012674153195,0.009482498102515998,3.2324899291867415,1.0757038446985916,0.6281085850282009,0.6592599147511831,0.5170299600255677,0.4283485611846124,1.768
1.7613639435885982,0.009692034008067537,0.009405620433916458,3.237121760187421,1.0652181637338114,0.6322084548783073,0.6637219143628482,0.5216770145800655,0.43268805983629577,1.776
1.763280016897971,0.009854823387909389,0.009327431508015913,3.2417840058389626,1.054859651323258,0.636243245832901,0.6682598628720792,0.5263871632962441,0.4369682449686286,1.784
1.765172553880441,0.010015361650045877,0.00924794925945961,3.2464755437360626,1.0446323268416096,0.6402104870330957,0.672874264228672,0.5311602802002019,0.4411844970592761,1.792
1.7670405384872145,0.010173629991787305,0.009167191773459375,3.2511952107759394,1.03454019708709,0.6441077408162519,0.6775656174215037,0.535996220111913,0.44533167716537925,1.8
1.7688829718208816,0.010329609968535014,0.009085177282654705,3.255941799689142,1.024587257337126,0.6479326036222715,0.6823344142621566,0.5408948164867463,0.44940405508460257,1.808
1.770698873167004,0.010483283489309585,0.00900192416596008,3.260714058617549,1.0147774926198634,0.6516827072489043,0.6871811365798337,0.5458558793509678,0.45339522539278604,1.816
1.772487280598681,0.010634632809029118,0.00891745094597396,3.265510689616109,1.0051148786674482,0.6553557198586769,0.69210625293219,0.5508791926056507,0.4572980090008175,1.824
1.7742472511181955,0.010783640525794214,0.008831776286281717,3.270330345796993,0.995603383168021,0.6589493469180909,0.697110214548957,0.5559645104326167,0.4611043375629737,1.832
1.775977860981682,0.010930289574720434,0.00874491898805253,3.275171628354864,0.986246966153899,0.6624613322085262,0.7021934495056494,0.5611115523887902,0.46480511826721926,1.84
1.7776782063332615,0.011074563226953108,0.008656897987736835,3.2800330853337822,0.9770495809848809,0.665889458891747,0.7073563571450295,0.5663199988751559,0.4683900714154112,1.848
1.779347403184767,0.011216445087081212,0.008567732354627156,3.2849132084251513,0.968015175083567,0.6692315505087403,0.712599300466947,0.5715894845511189,0.4718475382210161,1.856
1.7809845880655133,0.011355919088687062,0.008477441286782341,3.2898104320767083,0.9591476898519641,0.6724854718783178,0.7179225961257037,0.5769195902233509,0.4751642509665777,1.864
1.7825889186801753,0.011492969492696152,0.00838604411087291,3.2947231329401387,0.9504510623930154,0.6756491302972708,0.7233265031962076,0.5823098337168162,0.478325054790105,1.872
1.7841595741068217,0.011627580869299143,0.008293560277711052,3.299649627781086,0.9419292241167712,0.6787204764693835,0.7288112081114844,0.5877596573229679,0.481312573836369,1.8800000000000001
1.7856957552692738,0.011759738091596512,0.008200009360715077,3.3045881724291024,0.9335861005686795,0.6816975055779015,0.7343768065261265,0.593268412876066,0.4841068035472906,1.8880000000000001
1.7871966849755605,0.011889426339013172,0.008105411052630792,3.309536959953445,0.9254256121296528,0.684578258186365,0.7400232812920994,0.598835343318094,0.4866846099625537,1.8960000000000001
1.7886616084815374,0.012016631091782236,0.00800978516335061,3.3144941203200236,0.9174516729979383,0.6873608213182131,0.745750475165784,0.604459560243444,0.489019112621508,1.9040000000000001
1.7900897936665647,0.012141338132564041,0.007913151617128373,3.319457719231472,0.9096681909066272,0.6900433294167609,0.7515580558831607,0.6101400148717918,0.4910789182666277,1.9120000000000001
1.7914805317545737,0.012263533538956818,0.007815530451309572,3.3244257590151496,0.9020790660318835,0.6926239655022576,0.757445472399134,0.6158754620534902,0.4928271614623002,1.9200000000000002
1.7928331376453661,0.012383203675220422,0.007716941813880202,3.329396178530938,0.894688189645962,0.6951009621840579,0.7634118987718584,0.6216644137653604,0.4942202947512903,1.928
1.7941469500576526,0.012500335180142371,0.0076174059604704235,3.3343668527346266,0.8874994422406386,0.6974726026484854,0.7694561622858513,0.6275050793804726,0.4952065493435979,1.936
1.7954213323290356,0.012614914965151037,0.007516943253365692,3.339335594177588,0.8805166917637524,0.6997372218319587,0.775576650258975,0.6333952886786547,0.4957239580471089,1.944
1.7966556724311271,0.012726930221788339,0.007415574158525031,3.3443001531953334,0.8737437930678762,0.7018932073390252,0.7817711894299448,0.6393323915041286,0.4956977891122907,1.952
1.7978493829489983,0.012836368408715888,0.007313319242427498,3.34925821778744,0.8671845849977524,0.7039390003836302,0.7880368850886764,0.6453131239274288,0.4950371891967305,1.96
1.7990019018392334,0.012943217247003157,0.00721019917015413,3.3542074160953015,0.8608428867206188,0.705873096885546,0.7943699061489766,0.651333429993424,0.49363073835912646,1.968
1.8001126928476525,0.013047464719673163,0.007106234704340464,3.3591453184721423,0.8547224958059527,0.7076940485619022,0.8007651947008622,0.6573882204023389,0.49134049554905157,1.976
1.8011812457009437,0.013149099068889504,0.0070014467023879045,3.364069438959349,0.8488271849982966,0.709400463916438,0.8072160660835047,0.6634710399504029,0.4879939343332729,1.984
1.8022070766262535,0.013248108789739584,0.006895856116218327,3.3689772381755714,0.8431606987325068,0.7109910093466869,0.8137136510987558,0.6695736038529557,0.48337288596801026,1.992
1.803189728638646,0.013344482634180282,0.006789483989034188,3.3738661252491386,0.837726750089143,0.7124644102359022,0.8202461044917286,0.675685139394894,0.4771981995586648,2.0
1.8041287716574728,0.013438209603335659,0.006682351452439537,3.378733460732626,0.8325290160727445,0.713819451854265,0.8267974633274194,0.6817914360627237,0.46910822076591296,2.008
1.8050238026709522,0.01352927893818148,0.006574479723855623,3.383576558957737,0.8275711333674851,0.7150549803525245,0.8333459699142612,0.6878734500045014,0.4586283131156959,2.016
1.8058744464001248,0.013617680125077972,0.00646589010644841,3.388392692738672,0.8228566938700819,0.7161699039233886,0.8398615655527809,0.6939052185727862,0.4451274509558526,2.024
1.806680355652114,0.013703402899024981,0.006356603986540726,3.393179097396709,0.8183892398794596,0.7171631937401463,0.8463020792488996,0.6998506880193037,0.4277565563210473,2.032
1.807441211366962,0.013786437240649674,0.006246642830998472,3.3979329739878805,0.8141722591865052,0.7180338849232797,0.8526073520269336,0.7056588216908799,0.4053625466292076,2.04
1.8081567227981754,0.013866773381029644,0.006136028186116694,3.402651492993763,0.8102091801500462,0.7187810774883255,0.858690125703574,0.7112560129001048,0.37637502295918746,2.048
1.8088266279726128,0.01394440179455602,0.006024781677137655,3.4073317997359927,0.806503365516505,0.7194039373638504,0.8644220686852728,0.7165344448960933,0.3386784811171838,2.056
1.8094506940137518,0.014019313193846028,0.005912925003165703,3.411971019564027,0.8030581063790855,0.719901697352161,0.8696133699160661,0.7213350848940722,0.2895367063765405,2.064
1.8100287173622716,0.014091498535267703,0.005800479936282102,3.4165662626027444,0.7998766167168792,0.7202736581219823,0.8739869705310723,0.7254261885610346,0.22577881600762983,2.072
1.8105605240315605,0.01416094902768364,0.00568746832073938,3.421114629322798,0.7969620273353428,0.7205191891493704,0.8771590852071144,0.7284869921104199,0.14472312768866713,2.08
1.8110459699920787,0.01422765612808011,0.0055739120696774724,3.425613216305673,0.7943173784819122,0.7206377296896179,0.8786623568768657,0.7301268347288237,0.04641563541599181,2.088
1.811484941270424,0.014291611545797837,0.005459833163067867,3.430059121843237,0.7919456134726728,0.7206287895202896,0.8780671782074502,0.7299860168497884,-0.06347957063181002,2.096
1.811877353852093,0.014352807252271239,0.005345253646765501,3.4344494504677825,0.7898495728192931,0.7204919497311509,0.875187977832382,0.7279076409196074,-0.17370368359213456,2.104
1.812223154138482,0.014411235481838685,0.005230195629373829,3.438781320321878,0.7880319870221648,0.7202268636608918,0.8702013042521177,0.7240364342753378,-0.2728056357494447,2.112
1.8125223191442337,0.01446688873677205,0.005114681280337093,3.443051869014702,0.7864954701406259,0.7198332577122047,0.8635371392371696,0.7187288666042915,-0.3547594384370134,2.12
1.8127748568880881,0.014519759794444339,0.004998732829464952,3.44725826101504,0.7852425122339836,0.7193109322314952,0.855671198411963,0.7123804508299583,-0.4192766841077347,2.128
1.812980806295107,0.014569841703024057,0.004882372562155235,3.4513976934384036,0.7842754715591317,0.7186597621188963,0.84699763245405,0.7053195961756974,-0.46895966738326655,2.136
1.8131402375108814,0.01461712779417685,0.004765622818589949,3.4554674028773458,0.7835965677543298,0.7178796976463339,0.837802455861062,0.6977852133237753,-0.50698653002011,2.144
1.8132532517671178,0.014661611696675637,0.004648505990983931,3.4594646714474644,0.7832078752013039,0.7169707649604612,0.8282823525912191,0.689942152792415,-0.5361269954450936,2.152
1.8133199814859706,0.014703287343405255,0.004531044521628978,3.4633868330779842,0.7831113158831349,0.7159330667210224,0.8185708229259653,0.6819028352366082,-0.5585306017390894,2.16
1.8133405906288345,0.014742148964759198,0.004413260899488067,3.467231281350079,0.7833086520940987,0.7147667827698234,0.8087591032028068,0.6737445876027839,-0.5757951809635105,2.168
1.8133152750647963,0.014778191105073973,0.004295177659196036,3.470995476907227,0.7838014790543488,0.7134721708322436,0.7989105351278797,0.6655215600543263,-0.5890942947794606,2.176
1.8132442618889575,0.014811408643546343,0.004176817376973988,3.474676951988315,0.7845912186180545,0.7120495667290773,0.7890699390297409,0.6572725019333695,-0.599291946159067,2.184
1.813127809746432,0.014841796800135114,0.0040582026691999415,3.4782733177593137,0.7856791124764488,0.7104993849446196,0.7792696536675386,0.6490257739650509,-0.6070300366445163,2.192
1.8129662090738865,0.014869351136708966,0.003939356188752433,3.481782271719854,0.7870662143872843,0.7088221190616828,0.7695334482092165,0.6408025949449306,-0.6127912263581833,2.2
1.8127597820089387,0.014894067578295232,0.003820300622981639,3.4852016034822126,0.78875338465306,0.707018342131321,0.7598790920792255,0.6326191743310825,-0.6169432011661338,2.208
1.8125088820389952,0.014915942420735257,0.003701058689918428,3.488529200438753,0.7907412838964586,0.7050887067548318,0.7503200699784051,0.6244881351064205,-0.6197697556321172,2.216
1.8122138943961703,0.014934972327889704,0.003581653135948629,3.4917630551150025,0.7930303664850257,0.7030339455089207,0.7408667473343151,0.6164194809576842,-0.6214927313233305,2.224
1.8118752362143833,0.014951154359375479,0.003462106732879584,3.494901271810966,0.7956208743791836,0.7008548711455914,0.7315271765033269,0.6084212650534433,-0.6222876431463144,2.232
1.8114933557772979,0.014964485979910274,0.0033424422736408922,3.4979420704999225,0.7985128321279727,0.6985523764832937,0.7223076651595417,0.6005000608159373,-0.6222949326624262,2.24
1.8110687324564407,0.014974965070414008,0.003222682569647908,3.500883792372123,0.801706041625858,0.6961274345172803,0.713213182654884,0.5926612987113244,-0.6216281712793366,2.248
1.8106018765210674,0.014982589955132365,0.0031028504481098495,3.503724904687729,0.8052000776117817,0.6935810983745885,0.704247654953021,0.5849095105143494,-0.6203801107978306,2.2560000000000002
1.8100933295654194,0.01498735940666708,0.0029829687482057343,3.5064640078621507,0.8089942825250499,0.6909145015016899,0.6954141818580866,0.5772485095333085,-0.6186272001721378,2.2640000000000002
1.8095436639183917,0.014989272655166582,0.0028630603165500576,3.5090998390105677,0.8130877620731665,0.6881288572453226,0.6867151991303372,0.5696815244978961,-0.6164329938075254,2.2720000000000002
1.8089534828976956,0.0149883294010201,0.0027431480048932637,3.5116312778629357,0.817479381193196,0.6852254587539934,0.6781526007132983,0.56221130096895,-0.6138507521278204,2.2800000000000002
1.808323419949173,0.014984529835161756,0.0026232546650988443,3.5140573489167632,0.8221677610282017,0.6822056785306764,0.6697278333516964,0.5548401792181743,-0.6109254444689547,2.2880000000000003
1.8076541384101015,0.014977874650952624,0.00250340314515208,3.5163772252997165,0.827151275656918,0.6790709680525926,0.6614419692411656,0.5475701543767917,-0.6076953084141468,2.2960000000000003
1.806946331516868,0.014968365047710538,0.0023836162864834557,3.518590233206271,0.8324280499073777,0.6758228574254691,0.6532957632304977,0.5404029240047814,-0.6041930733124986,2.3040000000000003
1.806200721618632,0.01495600276018076,0.0022639169175952528,3.5206958535701305,0.8379959572348991,0.6724629547180744,0.6452896977402472,0.5333399250809565,-0.6004469295583276,2.3120000000000003
1.8054180601930725,0.014940790083273038,0.0021443278495119674,3.522693725814538,0.8438526181992633,0.6689929455184693,0.637424019409902,0.526382364713216,-0.5964813016114385,2.32
1.8045991278390594,0.01492272986513057,0.002024871874068258,3.5245836504812367,0.8499953985193306,0.6654145924127354,0.6296987667010101,0.519531243416502,-0.5923174715393602,2.328
1.8037447335418952,0.014901825527033634,0.0019055717589268294,3.526365590497728,0.8564214087499268,0.6617297340457258,0.6221137942154196,0.5127873753263781,-0.5879740816915091,2.336
1.8028557139433279,0.014878081077299817,0.001786450241748074,3.5280396723203937,0.863127503815151,0.6579402842147767,0.6146687927035328,0.5061514049441583,-0.5834675450097254,2.344
1.8019329330093927,0.014851501126219493,0.0016675300255589963,3.529606187094661,0.8701102835828993,0.6540482309948801,0.6073633052058602,0.4996238209981589,-0.578812381512287,2.352
1.800977281559881,0.014822090899541278,0.0015488337743236056,3.531065591094768,0.8773660934509364,0.6500556357897989,0.6001967408936584,0.4932049683992407,-0.574021496037808,2.36
1.7999896769006516,0.014789856253280454,0.0014303841075661763,3.5324185067851004,0.884891025493628,0.6459646323539566,0.5931683870440343,0.48689505878283396,-0.5691064084566922,2.368
1.7989710622082664,0.014754803688009917,0.0013122035937237556,3.533665722476005,0.8926809202702182,0.6417774255986133,0.5862774193300009,0.48069417959139465,-0.5640774454271723,2.376
1.7979224060885497,0.01471694037001855,0.0011943147473920139,3.5348081909686013,0.9007313702043314,0.6374962904829248,0.5795229106001516,0.4746023020727636,-0.5589439007228001,2.384
1.7968447022366818,0.014676274133185264,0.0010767400242447708,3.535847029599407,0.9090377217157273,0.6331235708179758,0.5729038383856263,0.4686192883416466,-0.5537141711553613,2.392
1.7957389680808697,0.014632813487517646,0.0009595018140717212,3.5367835172341526,0.917595077682828,0.6286616775365972,0.5664190924052926,0.4627448979599181,-0.5483958708039911,2.4
1.79460624414501,0.01458656763389446,0.0008426224359892728,3.5376190915210786,0.926398301520603,0.6241130874485767,0.5600674810853329,0.4569787941524001,-0.5429959279487456,2.408
1.7934475937328176,0.014537546477000531,0.0007261241324257707,3.538355348227849,0.9354420215735361,0.6194803417615804,0.5538477372867582,0.45132054957981627,-0.5375206675316069,2.416
1.7922641024908377,0.014485760639797302,0.0006100290637481619,3.5389940399841944,0.9447206356070561,0.6147660447110983,0.5477585238439794,0.4457696519248449,-0.5319758819040172,2.424
1.79105687746673,0.014431221464469656,0.0004943593029219304,3.539537071887553,0.95422831556893,0.6099728617615013,0.5417984382851166,0.4403255085891435,-0.5263668916215454,2.432
1.7898270465468646,0.014373941027935055,0.0003791368298291147,3.5399864981288154,0.963959014534985,0.6051035178629934,0.535966017574598,0.4349874516328431,-0.520698596847876,2.44
1.7885757573739318,0.014313932158767065,0.0002643835228919164,3.5403445174743347,0.9739064724462949,0.6001607957774957,0.5302597432135016,0.4297547427728006,-0.5149755223475858,2.448
1.787304176615787,0.014251208437187307,0.000150121155309396,3.5406134691856415,0.9840642220655426,0.5951475342551364,0.5246780452552815,0.4246265776964224,-0.5092018567962961,2.456
1.786013489063266,0.014185784196139358,3.637138927757664e-05,3.5407958284898275,0.9944255950770148,0.5900666260225444,0.5192193063666879,0.41960209034689466,-0.5033814867721091,2.464
1.784704897043808,0.014117674534754182,-7.684423079319484e-05,3.5408942026096883,1.0049837297494757,0.5849210159340903,0.5138818657123131,0.414680357225889,-0.4975180260596843,2.472
1.7833796195695066,0.014046895320379744,-0.00018950428511863363,3.540911325987325,1.0157315781788259,0.5797136990837023,0.5086640229487535,0.409860401661716,-0.49161484146719747,2.48
1.782038891295938,0.013973463197267149,-0.00030158748336773806,3.54085005373534,1.0266619148673781,0.5744477185687628,0.5035640418909072,0.4051411977275091,-0.48567507494197587,2.488
1.780683961768107,0.01389739559142641,-0.0004130726705043504,3.5407133561277093,1.0377673449799936,0.5691261634481143,0.49858015406088013,0.4005216741966606,-0.4797016633672824,2.496
1.7793160943012476,0.013818710708380219,-0.0005239388345321793,3.540504312511041,1.0490403116077958,0.5637521665459669,0.4937105622663351,0.39600071834821776,-0.4736973563046079,2.504
1.7779365653697754,0.013737427547193941,-0.0006341651131426896,3.5402261060934004,1.060473106153257,0.5583289023997766,0.4889534438340465,0.3915771797146026,-0.4676647309564147,2.512
1.776546663766952,0.013653565907263436,-0.0007437307993307619,3.5398820182585573,1.0720578762673503,0.5528595849503859,0.4843069541384876,0.38724987394212074,-0.4616062058022053,2.52
1.7751476894613445,0.013567146369208083,-0.0008526153473474418,3.539475421409993,1.083786634278562,0.547347465220886,0.47976922952697937,0.38301758601654046,-0.45552405305963506,2.528
1.7737409527269616,0.01347819029964573,-0.0009607983801342571,3.5390097729835257,1.0956512671305674,0.5417958291296863,0.47533839054348015,0.3788790738291944,-0.44942040924919907,2.536
1.7723277731617377,0.01338671985999146,-0.001068259693713239,3.5384886074546533,1.1076435468893728,0.5362079950117744,0.471012545012287,0.3748330715561177,-0.4432972843013012,2.544
1.770909478653281,0.013292758002587864,-0.0011749792633650898,3.53791552969103,1.1197551392932954,0.530587311268086,0.4667897908440652,0.3708782927671589,-0.4371565705768471,2.552
1.769487404189039,0.013196328464732152,-0.0012809372504852526,3.5372942074082463,1.1319776132688928,0.5249371539356388,0.462668219122699,0.3670134336648231,-0.4310000504798356,2.56
1.7680628910700764,0.01309745576682749,-0.0013861140099246045,3.5366283650923345,1.1443024509919064,0.5192609242654316,0.45864591663157034,0.3632371760157248,-0.4248294034038768,2.568
1.7666372858417563,0.012996165209133216,-0.0014904900968093528,3.5359217769184377,1.1567210582188165,0.5135620462740133,0.4547209685681007,0.35954819007759425,-0.41864621187766704,2.576
1.765211939735131,0.012892482866181517,-0.0015940462742960971,3.5351782617192526,1.169224774023913,0.5078439644748909,0.45089146128034013,0.35594513771454356,-0.41245196724045097,2.584
1.7637882074019906,0.012786435583625633,-0.0016967635157342249,3.5344016740645436,1.1818048807791768,0.5021101412279286,0.4471554843904525,0.35242667469777517,-0.4062480749670286,2.592
1.7623674460193761,0.012678050977873558,-0.0017986230121224507,3.5335958976482225,1.194452614754628,0.4963640542237863,0.4435111334664089,0.34899145355362504,-0.4000358589756821,2.6
1.760951014019084,0.012567357414880532,-0.0018996061782544415,3.5327648374821337,1.2071591742137837,0.49060919399435715,0.43995651229128674,0.34563812590386794,-0.3938165664792061,2.608
1.7595402700512872,0.012454384009601032,-0.001999694658286465,3.531912413002211,1.2199157298073426,0.4848490613831716,0.4364897350947948,0.3423653448323395,-0.38759137178419006,2.616
1.7581365718899022,0.01233916061776159,-0.002098870331154512,3.531042550640793,1.2327134342984718,0.4790871650335128,0.4331089286815434,0.33917176710703995,-0.38136137997528885,2.624
1.756741275695529,0.012221717827264908,-0.0021971153173637346,3.530159178350384,1.2455434329110866,0.4733270189121932,0.4298122342328293,0.3360560552435164,-0.375127630285453,2.632
1.7553557351334537,0.012102086938874934,-0.0022944119862408153,3.5292662201454847,1.2583968730735702,0.4675721398962799,0.4265978090655332,0.3330168794343855,-0.3688910994403476,2.64
1.753981300382803,0.011980299964407692,-0.0023907429622505557,3.528367589247341,1.2712649134041138,0.4618260452419637,0.4234638290501684,0.3300529199090253,-0.3626527042101027,2.648
1.7526193168690916,0.0118563896157738,-0.002486091127239679,3.527467180118423,1.284138732745983,0.45609225001275316,0.4204084901853407,0.3271628684876806,-0.35641330435173874,2.656
1.751271124323473,0.011730389288478608,-0.0025804396272200627,3.5265688629580327,1.2970095382303597,0.4503742646146715,0.41743001014843695,0.3243454302037478,-0.3501737054545401,2.664
1.7499380560839821,0.011602333054520457,-0.0026737718789739883,3.5256764788603374,1.3098685747328143,0.44467559236255677,0.4145266297114867,0.3215993248697904,-0.3439346613254619,2.672
1.7486214377485925,0.011472255646405999,-0.0027660715734910885,3.524793832304386,1.3227071334158091,0.43899972702723544,0.4116966144212266,0.3189232885686673,-0.33769687629549805,2.68
1.7473225863945663,0.011340192437984356,-0.0028573226818196067,3.523924686427188,1.3355165600976842,0.4333501504401075,0.40893825587500926,0.3163160750032824,-0.33146100748433716,2.688
1.7460428095107645,0.01120617943180748,-0.0029475094605047095,3.523072757792894,1.3482882650899062,0.4277303300623079,0.40624987289461734,0.31377645662454806,-0.3252276667747788,2.696
1.744783404054295,0.011070253251195025,-0.003036616456241144,3.522241710553848,1.3610137294809845,0.422143716575309,0.4036298131596386,0.31130322612431927,-0.3189974226833131,2.704
1.7435456560409328,0.010932451106842682,-0.0031246285134093783,3.5214351544942923,1.3736845115857317,0.4165937416954078,0.4010764538593136,0.3088951973234382,-0.31277080284930625,2.712
1.742330839017538,0.01079281079985298,-0.003211530775987678,3.5206566374132255,1.3862922556528554,0.41108381573488434,0.39858820308085136,0.30655120619463483,-0.306548295469828,2.72
1.741140213398985,0.010651370697793648,-0.003297308691821492,3.5199096416929145,1.398828698110005,0.4056173253410509,0.3961635006761018,0.30427011176118973,-0.30033035120005896,2.728
1.739975025575174,0.010508169718382306,-0.0033819480176094643,3.5191975802990973,1.4112856743640854,0.40019763125669394,0.39380081915073006,0.3020507968992864,-0.2941173848571306,2.736
1.7388365069745988,0.010363247309661709,-0.003465434823083421,3.518523792528259,1.4236551261224946,0.39482806608812,0.3914986644299813,0.29989216900144783,-0.287909776996197,2.744
1.7377258733526137,0.010216643434583462,-0.0035477554963125836,3.5178915414594814,1.435929107467798,0.38951193213958796,0.3892555766381645,0.2977931607009493,-0.2817078754278106,2.7520000000000002
1.736644323428253,0.010068398561156443,-0.0036288967472398745,3.51730400936629,1.448099790742651,0.3842524991875322,0.3870701309537674,0.2957527304035817,-0.27551199666400766,2.7600000000000002
1.735593038565076,0.009918553633164472,-0.0037088456110920885,3.5167642953644243,1.460159470178962,0.3790530024955502,0.38494093798176,0.29376986278508577,-0.26932242775651727,2.7680000000000002
1.7345731819997743,0.009767150042228265,-0.0037875894530405964,3.5162754132219023,1.4721005680640713,0.3739166407978335,0.3828666442483716,0.29184356920179966,-0.2631394276719428,2.7760000000000002
1.7335858981816052,0.009614229621043777,-0.0038651159711648436,3.5158402895820355,1.4839156396342106,0.3688465742609662,0.3808459326855091,0.28997288810869715,-0.25696322855166515,2.7840000000000003
1.732632311667127,0.009459834628225453,-0.003941413199407207,3.5154617603656306,1.49559737706029,0.36384592249441977,0.3788775232250548,0.2881568853917189,-0.25079403701192726,2.7920000000000003
1.731713526214583,0.009304007722410594,-0.004016469511210832,3.5151425681631525,1.5071386150889798,0.3589177625848677,0.3769601730687271,0.28639465450460105,-0.24463203535127392,2.8000000000000003
1.730830624210687,0.009146791953869877,-0.004090273623189384,3.5148853613699687,1.5185323348276798,0.35406512727519923,0.37509267721190503,0.28468531689270216,-0.23847738255138048,2.8080000000000003
1.7299846660277673,0.008988230735147195,-0.00416281459790426,3.5146926937004515,1.5297716658871305,0.34929100313220685,0.3732738683830955,0.28302802193339255,-0.2323302158630905,2.8160000000000003
1.7291766894035185,0.00882836782315152,-0.004234081847116768,3.5145670236304243,1.5408498901833305,0.34459832875617363,0.3715026172149775,0.281421947045843,-0.226190651844982,2.824
1.7284077086737557,0.008667247302438225,-0.004304065133042944,3.514510711836351,1.5517604442870079,0.3399899931065318,0.369777832454243,0.27986629776991373,-0.22005878754910796,2.832
1.7276787142090193,0.008504913546839597,-0.0043727545720550565,3.514526021564436,1.5624969222679919,0.33546883381247183,0.36809846086372366,0.2783603076677089,-0.21393470170010034,2.84
1.7269906715820422,0.008341411214405419,-0.004440140636732573,3.5146151174340345,1.5730530791160902,0.33103763554111165,0.36646348748732144,0.27690323840370845,-0.20781845544654623,2.848
1.7263445209353425,0.008176785233827297,-0.004506214157414293,3.5147800651290395,1.5834228324917046,0.32669912837802456,0.364871935616923,0.2754943796563198,-0.20171009332091952,2.856
1.7257411767491924,0.008011080785047977,-0.004570966326126432,3.515022833064315,1.5936002642523126,0.3224559863694605,0.36332286676484216,0.27413304915468445,-0.19560964406771927,2.864
1.7251815269509636,0.007844343276791893,-0.0046343886966764,3.515345291411716,1.6035796218214688,0.31831082603819094,0.36181538052003553,0.27281859241018064,-0.18951712173930252,2.872
1.7246664322820884,0.007676618323571419,-0.004696473187189405,3.515749213042915,1.6133553192446406,0.31426620490910223,0.360348614351096,0.27155038248807817,-0.18343252657961795,2.88
1.7241967259556015,0.00750795172912061,-0.004757212081550809,3.516236274254253,1.6229219382547408,0.3103246201889489,0.35892174342588207,0.27032781987971083,-0.1773558458165348,2.888
1.723773213347518,0.007338389466915795,-0.004816598030714055,3.516808056222665,1.6322742290080254,0.30648850746700573,0.3575339802759384,0.2691503322649217,-0.17128705452293527,2.896
1.7233966711893474,0.00716797764629758,-0.004874624052583566,3.5174660448297654,1.6414071110816495,0.30276023936318036,0.35618457449207297,0.2680173741396821,-0.16522611643634882,2.904
1.7230678469955674,0.006996762497975571,-0.004931283534118721,3.5182116314587395,1.650315674956586,0.29914212433639675,0.35487281263011017,0.2669284266767095,-0.1591729844403795,2.912
1.7227874589309653,0.0068247903783160485,-0.004986570233960808,3.51904611591973,1.6589951805268237,0.2956364055972661,0.35359801796773566,0.2658829976105572,-0.15312760116816393,2.92
1.7225561952046005,0.006652107737192384,-0.0050404782832994335,3.5199707071109034,1.6674410568626026,0.29224525994727996,0.3523595501418211,0.26488062088540737,-0.14708989963950062,2.928
1.7223747138223284,0.006478761100127083,-0.005093002184362953,3.5209865250453296,1.675648902967346,0.28897079672201287,0.3511568045240477,0.263920856219351,-0.1410598040977254,2.936
1.7222436420416862,0.006304797047616788,-0.005144136811944228,3.5220946026674063,1.6836144869205356,0.28581505670950275,0.3499892118613042,0.26300328877781326,-0.1350372304793933,2.944
1.72216357613643,0.006130262200020196,-0.005193877413536364,3.523295887265648,1.691333745524458,0.28278001125130947,0.34885623783933417,0.2621275288869942,-0.12902208700555454,2.952
1.7221350808246714,0.005955203200901201,-0.005242219609207824,3.5245912415927356,1.6988027837393722,0.2798675612528058,0.3477573826761142,0.2612932116699964,-0.12301427456006797,2.96
1.7221586890233054,0.005779666692152545,-0.005289159393102906,3.525981446141394,1.7060178742540688,0.27707953634979393,0.34669218063644835,0.26049999672661994,-0.1170136871617175,2.968
1.7222349015997696,0.005603699283749139,-0.005334693129855396,3.5274672010050656,1.7129754567972373,0.2744176940268796,0.3456601992707835,0.25974756760836154,-0.111020212715633,2.976
1.7223641871270465,0.005427347556078695,-0.005378817557478129,3.5290491288059536,1.7196721358196723,0.27188371889138124,0.3446610390982455,0.2590356316313657,-0.10503373317180595,2.984
1.7225469817694539,0.00525065805387197,-0.005421529788319921,3.530727777293516,1.7261046810060356,0.26947922203217756,0.3436943331909504,0.2583639196580314,-0.09905412465408084,2.992
1.7227836888252588,0.005073677256673284,-0.005462827306752667,3.5325036205734066,1.7322700249990153,0.2672057402082361,0.3427597463465725,0.25773218546958293,-0.09308125824477362,3.0
1.7230746783577193,0.004896451556408624,-0.005502707968383682,3.534377060725353,1.7381652624818151,0.2650647351482853,0.34185697455051284,0.2571402053873088,-0.0871150001595135,3.008
1.7234202872187296,0.004719027250579974,-0.005541169999446302,3.5363484300305426,1.7437876492156112,0.2630575930236076,0.34098574440137325,0.2565877779873886,-0.08115521199036381,3.016
1.7238208189083652,0.004541450523534824,-0.005578211996937411,3.5384179937523355,1.7491346009725524,0.2611856239174333,0.3401458124825244,0.25607472372888046,-0.07520175107557699,3.024
1.724276543201139,0.0043637674304693435,-0.005613832926132942,3.5405859513590445,1.7542036924943378,0.25945006122565983,0.33933696470391683,0.2556008844928612,-0.06925447078536436,3.032
1.724787695763662,0.0041860238736874415,-0.005648032117428701,3.5428524371171157,1.758992656222048,0.2578520611054159,0.33855901567360125,0.25516612314546894,-0.06331322073286973,3.04
1.7253544785776151,0.004008265591261089,-0.005680809269919055,3.5452175251074483,1.763499380410145,0.2563927021998138,0.3378118080853646,0.25477032335381555,-0.05737784689988082,3.048
1.7259770595734187,0.003830538158561596,-0.005712164448533029,3.5476812302018654,1.7677219091779404,0.25507298523950805,0.3370952121561824,0.25441338920723394,-0.05144819182904312,3.056
1.7266555722961445,0.003652886960938833,-0.005742098081219757,3.550243508481841,1.7716584394837112,0.25389383252494724,0.33640912481483426,0.25409524466316363,-0.0455240950079792,3.064
1.7273901162401735,0.003475357182079636,-0.0057706109598843446,3.5529042609166193,1.775307319668663,0.2528560877571736,0.3357534691311302,0.25381583337249575,-0.039605392859227914,3.072
1.7281807566341085,0.0032979937886443507,-0.005797704236519851,3.5556633341694193,1.7786670501879802,0.25196051566637906,0.33512819357267015,0.2535751182131695,-0.03369191902360971,3.08
1.729027524311498,0.0031208415173103136,-0.005823379421863496,3.5585205221248426,1.7817362819993365,0.2512078017609508,0.3345332713953881,0.2533730809504368,-0.02778350446828813,3.088
1.7299304156729827,0.002943944857792421,-0.005847638383856098,3.5614755673291607,1.7845138149810535,0.2505985521070423,0.33396869999381984,0.2532097218932361,-0.02187997758104228,3.096
1.7308893924072108,0.0027673480413481387,-0.005870483342314317,3.5645281608076473,1.786998596889681,0.2501332930694585,0.33343450025193655,0.25308505947943905,-0.01598116422704087,3.104
1.7319043820084,0.002591095030878164,-0.005891916871325242,3.567677946322917,1.7891897230013405,0.2498124713447077,0.33293071592669826,0.25299913011752395,-0.010086887977035237,3.112
1.7329752776094487,0.002415229506046413,-0.005911941896046553,3.5709245207203693,1.7910864341589072,0.24963645379264054,0.33245741301613824,0.2529519878135223,-0.004196970190649752,3.12
1.7341019378889404,0.0022397948474356714,-0.00593056169002943,3.574267434162917,1.7926881159355605,0.2496055273272862,0.3320146791449382,0.2529437038302383,0.0016887699450939802,3.128
1.7352841868015894,0.0020648341370844638,-0.005947779872509627,3.577706190450631,1.793994299099686,0.2497198988236242,0.33160262300950305,0.25297436633697595,0.007570515223782692,3.136
1.7365218144866164,0.0018903901364341535,-0.005963600407613286,3.581240251277521,1.7950046578620364,0.24997969523050884,0.3312213736288035,0.25304408025041697,0.013448450381846831,3.144
1.7378145768107127,0.0017165052737703546,-0.0059780275999528005,3.584869034528869,1.7957190099032123,0.2503849635090717,0.33087107986115233,0.2531529668745505,0.01932276201043249,3.152
1.739162195519975,0.001543221634195434,-0.005991066092216514,3.5885919152054035,1.796137315682065,0.2509356706922928,0.33055190983141025,0.25330116364475197,0.02519363844504545,3.16
1.7405643582297337,0.0013705809523171866,-0.00600272086028819,3.592408225266035,1.7962596772684352,0.25163170393291445,0.33026405037911694,0.25348882383437116,0.0310612697493235,3.168
1.742020718589535,0.0011986245967044434,-0.00601299721261582,3.5963172548561007,1.7960863369485152,0.25247287067837915,0.33000770660145334,0.2537161163780443,0.03692584759097785,3.176
1.7435308965838296,0.0010273935569084887,-0.00602190078786389,3.600318253241548,1.7956176785232907,0.25345889881322814,0.3297831012961803,0.25398322565070897,0.042787565082732286,3.184
1.745094478656167,0.0008569284346190654,-0.006029437551218482,3.6044104285834946,1.7948542266147605,0.254589436825829,0.32959047446426987,0.254290351232449,0.048646616820680715,3.192
1.7467110176028449,0.0006872694328503995,-0.0060356137908967895,3.6085929475797833,1.793796646210608,0.25586405399952056,0.3294300829578385,0.254637707709645,0.054503198672336266,3.2
1.748380032623417,0.0005184563477904367,-0.006040436115044247,3.6128649349763444,1.7924457424074194,0.25728224059233334,0.32930220004335753,0.255025524447658,0.06035750763497122,3.208
1.7501010101319963,0.00035052856266558005,-0.006043911449506696,3.6172254761756135,1.7908024612506386,0.2588434082562226,0.3292071149201747,0.2554540455406111,0.06620974193452443,3.216
1.7518734039697677,0.0001835250227655849,-0.006046047033944027,3.621673616937538,1.7888678879849222,0.2605468903374808,0.3291451324120796,0.2559235297106265,0.07206010068544681,3.224
1.7536966352071313,1.748423837998319e-05,-0.006046850416703711,3.626208361480003,1.786643245703385,0.2623919421235797,0.32911657264401495,0.2564342500650794,0.07790878396817268,3.232
1.7555700923085182,-0.00014755572384111265,-0.0060463294512406755,3.6308286721060563,1.7841298974016095,0.26437774114040946,0.32912177065500536,0.2569864938988518,0.08375599272567245,3.24
1.7574931316550224,-0.0003115572625585145,-0.006044492294706275,3.6355334698423425,1.7813293458321506,0.26650338766012177,0.32916107619992174,0.25758056273642677,0.08960192853182947,3.248
1.759465077808336,-0.00047448324544779354,-0.006041347403344545,3.6403216340809204,1.7782432330423195,0.26876790509370185,0.3292348534518667,0.25821677220957745,0.09544679351276503,3.2560000000000002
1.7614852237580574,-0.0006362970182879008,-0.006036903528783475,3.6451920025232227,1.7748733402490273,0.2711702404197094,0.3293434807925974,0.25889545198613134,0.10129079015113812,3.2640000000000002
1.7635528308903343,-0.0007969624163777639,-0.006031169713646382,3.6501433693667162,1.7712215878714603,0.27370926464725404,0.3294873507125022,0.2596169456908998,0.1071341211829129,3.2720000000000002
1.7656671293183093,-0.0009564437820514084,-0.006024155287352641,3.6551744848681462,1.7672900343164026,0.27638377331730607,0.3296668697497467,0.2603816109508432,0.1129769892399345,3.2800000000000002
1.7678273189230465,-0.0011147059676247578,-0.006015869863711034,3.660284057914553,1.7630808770331365,0.2791924871962781,0.32988245821001533,0.2611898194642345,0.1188195969076065,3.2880000000000003
1.7700325692235466,-0.0012717143343348503,-0.006006323335700506,3.6654707537282616,1.7585964527582612,0.28213405272382963,0.33013455001527386,0.26204195681301773,0.12466214669998284,3.2960000000000003
1.772282019639587,-0.0014274347651368085,-0.0059955258699854914,3.67073319277455,1.7538392359919894,0.28520704259885526,0.33042359269859845,0.2629384224915487,0.1305048408391358,3.3040000000000003
1.7745747801471352,-0.0015818336890692916,-0.005983487904635882,3.676069950885063,1.7488118401321535,0.28840995648003687,0.33075004739440034,0.26387963003532255,0.13634788095684902,3.3120000000000003
1.7769099314570604,-0.001734878083104708,-0.005970220144066109,3.6814795587104845,1.7435170168484866,0.29174122163058985,0.33111438887799505,0.2648660070339278,0.14219146796847562,3.3200000000000003
1.7792865252767756,-0.0018865354823691428,-0.005955733554639303,3.686960500890778,1.737957655562142,0.29519919360643476,0.33151710565733894,0.26589799519653323,0.14803580187765145,3.3280000000000003
1.7817035850075302,-0.002036773995795231,-0.00594003936079395,3.692511216542696,1.732136781232508,0.2987821569228248,0.33195870006766487,0.2669760505358083,0.1538810813419044,3.3360000000000003
1.7841601058095042,-0.0021855623079753664,-0.005923149039143015,3.6981300971301163,1.7260575569659646,0.30248832580668,0.3324396883033703,0.26810064329875793,0.15972750371425856,3.344
1.786655055151319,-0.0023328696896620766,-0.005905074314247491,3.703815486854389,1.7197232829381661,0.30631584502666753,0.33296060050034704,0.2692722580676111,0.16557526495894562,3.352
1.7891873732854946,-0.0024786660056009373,-0.005885827154176732,3.7095656822212133,1.713137395098861,0.3102627907789591,0.33352198103806474,0.2704913940012726,0.17142455937427084,3.36
1.7917559741152287,-0.002622921715485132,-0.005865419766935905,3.715378933689409,1.7063034645528976,0.31432717155164375,0.3341243885045551,0.27175856490948197,0.17727557952547288,3.368
1.7943597455046585,-0.0027656079014306135,-0.00584386459401478,3.7212534433939886,1.6992251974200252,0.31850692893317667,0.33476839591632435,0.27307429934999233,0.18312851593727403,3.376
1.796997549562974,-0.002906696276754144,-0.005821174305313066,3.727187365429762,1.6919064331140548,0.32279993849804084,0.33545459111261783,0.2744391408450156,0.18898355678482232,3.384
1.7996682231787977,-0.0030461591988619275,-0.005797361793556362,3.733178805426533,1.684351143362134,0.3272040107114897,0.3361835770611759,0.27585364808789625,0.19484088757987306,3.392
1.80237057862918,-0.0031839696692271043,-0.005772440170246122,3.7392258205512166,1.67656343280913,0.33171689200304466,0.336955972003987,0.27731839502730665,0.20070069120235995,3.4
1.8051034037959708,-0.003320101340779231,-0.00574642276111524,3.7453264182023895,1.6685475370989662,0.3363362656460039,0.33777240978650913,0.27883397096499585,0.20656314765345257,3.408
1.8078654627365958,-0.0034545285342624747,-0.005719323099588508,3.7514785562208934,1.6603078222189764,0.34105975278822304,0.33863354007087376,0.2804009806505831,0.2124284339399451,3.416
1.8106554967335233,-0.0035872262500065387,-0.005691154921542419,3.7576801447731776,1.6518487827289468,0.3458849136504987,0.33954002876576644,0.28202004468871483,0.21829672377562995,3.424
1.813472224952585,-0.0037181701689569828,-0.005661932160728981,3.763929046447695,1.643175040009205,0.35080924858622237,0.34049255824452085,0.28369179963664265,0.22416818749613773,3.432
1.8163143448128207,-0.003847336680315885,-0.005631668942629145,3.770223075207859,1.6342913406379544,0.35583019913743186,0.34149182798708944,0.2854168983492063,0.2300429915600447,3.44
1.8191805320560077,-0.003974702871701492,-0.005600379579076458,3.776559995063617,1.6252025556985061,0.3609451492491974,0.34253855493222046,0.2871960099723775,0.23592129868196307,3.448
1.822069441939896,-0.004100246554078807,-0.005568078561778782,3.7829375225853235,1.6159136796225797,0.36615142642039084,0.34363347370512426,0.28902982016751805,0.2418032674949255,3.456
1.8249797099226337,-0.004223946264461641,-0.005534780556884867,3.789353327019983,1.6064298284377836,0.3714463029331367,0.3447773370019035,0.2909190312918918,0.2476890523921409,3.464
1.82790995217863,-0.004345781276033454,-0.005500500399375725,3.79580503033289,1.5967562379542346,0.37682699711887785,0.3459709159809979,0.29286436251458287,0.25357880345451717,3.472
1.8308587656778899,-0.004465731612751543,-0.0054652530878128896,3.8022902051374468,1.586898261580711,0.3822906744608729,0.3472150009287133,0.29486655000633755,0.25947266603725244,3.48
1.833824729097475,-0.0045837780581888905,-0.005429053777110636,3.8088063761871154,1.5768613687831041,0.3878344489446277,0.3485104015204643,0.2969263470350755,0.2653707807203004,3.488
1.836806404221743,-0.004699902163227796,-0.00539191777280595,3.815351023120063,1.5666511411338053,0.39345538440503,0.3498579472836537,0.29904452437479784,0.27127328304856285,3.496
1.839802336222269,-0.004814086259438348,-0.005353860524120952,3.8219215791882855,1.5562732727339854,0.39915049593784324,0.3512584880046646,0.30122187028957126,0.27718030341024047,3.504
1.8428110543188176,-0.004926313474613404,-0.005314897618522231,3.828515432342029,1.5457335682145399,0.4049167512837022,0.35271289439873227,0.3034591908461366,0.2830919666354843,3.512
1.845831072689642,-0.0050365677311217175,-0.005275044775700529,3.835129925974946,1.5350379401278857,0.41075107226152924,0.3542220583558109,0.3057573099269327,0.28900839202615697,3.52
1.8488608910628672,-0.00514483374666043,-0.0052343178424736694,3.8417623588858696,1.5241924067421384,0.416650336295588,0.35578689337735625,0.3081170692821982,0.29492969334721836,3.528
1.8518989950507412,-0.005251097059231614,-0.0051927327836092455,3.8484099842237005,1.5132030896659643,0.4226113776942692,0.35740833536238886,0.3105393287772811,0.3008559782490755,3.536
1.8549438571917618,-0.005355344039964002,-0.005150305674865562,3.8550700116006507,1.5020762115785353,0.42863098907532193,0.35908734296218214,0.31302496648285477,0.3067873480017824,3.544
1.8579939372544858,-0.005457561896195556,-0.005107052698478233,3.861739605238182,1.4908180939947961,0.43470592281287745,0.3608248979451855,0.3155748785043505,0.31272389746867735,3.552
1.8610476837076635,-0.005557738676191382,-0.005062990136277239,3.868415886206594,1.4794351547157318,0.44083289279382387,0.36262200557694013,0.31818997919372377,0.3186657150022733,3.56
1.864103534545642,-0.0056558632810300375,-0.00501813436192993,3.875095934549193,1.4679339061262335,0.4470085760077965,0.36447969534808095,0.3208712014318349,0.3246128819035731,3.568
1.867159917811252,-0.005751925473367354,-0.004972501833930334,3.881776788322363,1.4563209530352916,0.4532296140848408,0.3663990214316282,0.3236194965493417,0.3305654721854083,3.576
1.8702152525351372,-0.005845915884973945,-0.004926109089823917,3.8884554445435424,1.4446029904520779,0.45949261501024696,0.368381063190583,0.3264358344107558,0.33652355230475856,3.584
1.8732679493756483,-0.005937826025159136,-0.004878972737984862,3.8951288590274,1.4327868009634086,0.4657941546436942,0.37042692570894964,0.32932120339312976,0.3424871807565952,3.592
1.87631641116741,-0.006027648285962433,-0.004831109450590319,3.901793945915773,1.4208792518275737,0.4721307782377185,0.37253774039077653,0.33227661036763906,0.3484564076423538,3.6
1.8793590343727766,-0.006115375948164925,-0.004782535958053367,3.908447580117272,1.4088872929495975,0.47849900241241866,0.3747146653250515,0.3353030807666231,0.3544312744699409,3.608
1.8823942091896742,-0.006201003181137635,-0.004733269040455899,3.915086594260613,1.396817954410613,0.48489531673422914,0.376958885884206,0.3384016583603748,0.36041181375706055,3.616
1.8854203209323268,-0.006284525059854577,-0.004683325522219905,3.92170778104164,1.384678344351392,0.4913161854588084,0.3792716149013237,0.34157340508012896,0.36639804862185393,3.624
1.8884357507189247,-0.006365937566144948,-0.0046327222640891496,3.928307893751317,1.3724756476148758,0.49775804930792095,0.38165409358510466,0.344819401231932,0.3723899918257748,3.632
1.8914388766220382,-0.006445237590567428,-0.004581476154995125,3.9348836474239253,1.360217122294639,0.5042173274206835,0.38410759203122785,0.34814074549308693,0.37838764544298237,3.64
1.8944280741863495,-0.006522422937221404,-0.004529604104763914,3.9414317178573635,1.347910097604382,0.5106904189617613,0.38663340970430626,0.3515385546258656,0.3843910001061543,3.648
1.8974017170092057,-0.0065974923266146806,-0.0044771230363927625,3.9479487402808866,1.3355619715547256,0.5171737048295639,0.38923287609634477,0.35501396334180796,0.3904000341373285,3.656
1.9003581781751235,-0.006670445403329074,-0.00442404987909807,3.954431311561991,1.3231802088547973,0.5236635497930769,0.3919073511937471,0.3585681242827536,0.39641471286748603,3.664
1.9032958311044206,-0.006741282725881202,-0.004370401560868022,3.9608759903206874,1.3107723383153393,0.5301563043124375,0.3946582257647462,0.3622022075954694,0.40243498791961835,3.672
1.906213050572934,-0.006810005775477169,-0.004316195001697909,3.9672792972294424,1.2983459498939722,0.5366483064423644,0.3974869221630395,0.3659174010149644,0.40846079607367375,3.68
1.9091082136000326,-0.0068766169557016015,-0.004261447106192344,3.9736377150800393,1.2859086926150205,0.5431358837565339,0.4003948947908319,0.3697149095610067,0.41449205817711227,3.688
1.911979700164809,-0.0069411195933713815,-0.0042061747577176395,3.9799476882137084,1.2734682740708503,0.5496153553404579,0.40338363032382235,0.373595954918237,0.4205286778733822,3.696
1.9148258928490938,-0.007003517938905532,-0.004150394808729822,3.9862056175406426,1.2610324568132045,0.5560830333843143,0.406454648863577,0.37756177521618434,0.4265705399817536,3.704
1.9176451793697193,-0.007063817152027435,-0.00409412407353958,3.9924078671228096,1.2486090550367763,0.5625352255162347,0.4096095042297186,0.3816136251124924,0.43261750917766234,3.712
1.9204359534153794,-0.007122023307324707,-0.00403737932103313,3.998550763642852,1.236205932973661,0.5689682368783998,0.41284978435618275,0.3857527752935676,0.4386694283061903,3.72
1.9231966156256832,-0.007178143384974858,-0.003980177268527649,4.004630596665042,1.2238310022346142,0.5753783721654053,0.4161771117404464,0.3899805120501122,0.44472611655290206,3.728
1.9259255742119714,-0.007232185271379723,-0.003922534573544158,4.010643617573708,1.211492219763514,0.5817619376519086,0.41959314430263295,0.3942981370627237,0.45078736702563055,3.736
1.9286212461328822,-0.007284157750043228,-0.003864467826772853,4.016586040756246,1.1991975830711696,0.5881152431546951,0.4230995757525328,0.39870696692246577,0.4568529448248799,3.744
1.931282057801321,-0.007334070490209586,-0.0038059935449730217,4.022454042692606,1.1869551296771914,0.5944346041787784,0.42669813595131195,0.40320833242581167,0.4629225841635971,3.7520000000000002
1.9339064459555693,-0.007381934038495961,-0.0037471281651694395,4.028243761988096,1.174772933793807,0.6007163439689712,0.4303905910785992,0.40780357771822734,0.4689959857452196,3.7600000000000002
1.9364928590878796,-0.007427759815721759,-0.0036878880365398305,4.033951301354604,1.1626591037700376,0.6069567958922921,0.4341787442561926,0.4124940600734022,0.4750728134002653,3.7680000000000002
1.9390397581344547,-0.007471560109993968,-0.0036282894125200813,4.039572726894847,1.1506217797605471,0.6131523055297171,0.43806443587891797,0.41728114906316904,0.48115269034616653,3.7760000000000002
1.9415456173646524,-0.007513348051965377,-0.003568348445851734,4.045104068202637,1.1386691289816748,0.6192992327865949,0.4420495444611321,0.4221662262703618,0.487235195202446,3.7840000000000003
1.9440089252188009,-0.007553137611281628,-0.0035080811806119058,4.050541318492868,1.1268093438207634,0.6253939541202423,0.4461359870364242,0.4271506845288965,0.4933198571385397,3.7920000000000003
1.9464281859298735,-0.007590943575038247,-0.0034475035453540017,4.055880438159338,1.1150506376156466,0.6314328648223594,0.45032571898753115,0.43223592693504653,0.49940615122168525,3.8000000000000003
1.9488019194836674,-0.00762678153413839,-0.0033866313449204084,4.06111735191598,1.103401239926541,0.6374123808806066,0.45462073450239143,0.4374233657000835,0.5054934929019034,3.8080000000000003
1.9511286632183453,-0.007660667866089533,-0.003325480256943524,4.0662479511818574,1.0918693951338534,0.643328941574746,0.45902306665353365,0.44271442133251065,0.5115812311590772,3.8160000000000003
1.9534069729867716,-0.007692619724097578,-0.0032640658246704565,4.071268096604209,1.0804633574936078,0.64917901180237,0.46353478779346197,0.4481105219156036,0.5176686414110455,3.8240000000000003
1.9556354246110375,-0.0077226550121700845,-0.0032024034543977264,4.076173620735708,1.0691913876107155,0.6549590844702479,0.46815800941368646,0.45361310198662874,0.5237549172585559,3.8320000000000003
1.9578126143063748,-0.007750792368804627,-0.003140508406692814,4.080960327416672,1.0580617484184838,0.6606656826780088,0.4728948821536579,0.45922360106726806,0.5298391611419381,3.8400000000000003
1.9599371599357933,-0.007777051152255049,-0.003078395787508657,4.0856239947179125,1.0470827013992885,0.6662953622158919,0.4777475953848712,0.46494346213702287,0.5359203738056317,3.848
1.9620077018202768,-0.007801451403816617,-0.0030160805461639808,4.090160375653134,1.0362625006344501,0.6718447137057527,0.482718377874884,0.4707741309308888,0.5419974419448393,3.856
1.9640229031904801,-0.007824013825392665,-0.0029535774679564104,4.0945651987430285,1.0256093875677266,0.6773103647155434,0.48780949688717296,0.47671705352243965,0.5480691248545768,3.864
1.965981451125013,-0.007844759771828908,-0.0028909011715016406,4.098834169625086,1.0151315863236057,0.6826889821486447,0.4930232586290842,0.482773675422796,0.5541340378771524,3.872
1.9678820582673728,-0.007863711216790789,-0.002828066100324817,4.102962976266787,1.0048372989817067,0.6879772750088561,0.49836200734183755,0.48894543972850346,0.5601906342434757,3.88
1.9697234636370586,-0.007880890721423024,-0.0027650865192880517,4.106947291140618,0.9947346999140032,0.6931719966135171,0.5038281248421685,0.49523378526554346,0.5662371835651985,3.888
1.9715044341378527,-0.007896321405598013,-0.0027019765113295295,4.110782775949377,0.9848319298830674,0.6982699471212906,0.5094240295130756,0.5016401445328049,0.5722717472187441,3.896
1.9732237656648581,-0.00791002692418473,-0.0026387499731710777,4.114465085268759,0.9751370902763556,0.7032679759986785,0.5151521756209937,0.5081659417721831,0.5782921491224077,3.904
1.974880283019384,-0.00792203144151779,-0.002575420612689602,4.117989865624126,0.9656582370369919,0.7081629841491079,0.5210150520410051,0.5148125898375578,0.5842959417466908,3.912
1.9764728419897928,-0.007932359601064937,-0.002512001938876636,4.121352764473281,0.9564033741243103,0.7129519267002268,0.527015180077465,0.5215814872712174,0.5902803665676484,3.92
1.9780003290418502,-0.007941036488877083,-0.002448507263158836,4.1245494285868745,0.9473804458307872,0.7176318147421079,0.5331551138978576,0.528474016733808,0.5962423053553408,3.928
1.9794616630043749,-0.007948087603530517,-0.0023849496939728635,4.127575511282283,0.9385973298397706,0.7221997181265867,0.5394374380675261,0.5354915416125465,0.6021782241128111,3.936
1.9808557959392517,-0.00795353882499597,-0.0023213421334110024,4.130426676377285,0.9300618303684163,0.726652767880703,0.5458647654440066,0.5426354025767731,0.6080841049816934,3.944
1.9821817141768887,-0.007957416378924713,-0.0022576972753363365,4.133098602878155,0.9217816706033873,0.7309881586318476,0.552439734791612,0.5499069139618834,0.6139553643273423,3.952
1.9834384391946813,-0.007959746812160471,-0.002194027602205106,4.135586989946698,0.9137644849351682,0.7352031509616052,0.5591650080412385,0.5573073597400268,0.6197867532792595,3.96
1.984625029142132,-0.007960556936026658,-0.002130345383437101,4.137887564422158,0.9060178102209083,0.7392950738942895,0.5660432665327665,0.5648379888725442,0.6255722370572713,3.968
1.9857405792722596,-0.007959873809341583,-0.002066662673044043,4.139996084042612,0.898549078923647,0.7432613271703556,0.5730772079337878,0.5725000107673253,0.6313048443578461,3.976
1.9867842223294123,-0.007957724708998533,-0.002002991309158034,4.14190834110921,0.8913656106253824,0.7470993835289244,0.5802695419557808,0.5802945895380065,0.6369764821161916,3.984
1.9877551305323322,-0.007954137089632777,-0.0019393429106514797,4.143620173678363,0.8844746026058646,0.7508067913996167,0.5876229847003995,0.5882228378639286,0.6425777049462,3.992
1.988652515784978,-0.007949138529916761,-0.0018757288753959798,4.14512746856069,0.8778831210389133,0.7543811768641704,0.5951402527373162,0.5962858096287044,0.6480974229566779,4.0
