S_x,S_y,S_z,Sx_sq,Sy_sq,Sz_sq,min_variance_SN,min_variance_norm,opt_angle,t
2.0,-0.0048,-0.0149,4.0,0.9854,1.0087,0.9785275136658169,1.0,-0.4452874161807453,0.0
1.9999691875757621,-0.004978964750051497,-0.014958063130569344,4.000069453823163,0.9852929598956218,1.0085937074063223,0.981923773134383,1.0034398667414777,0.34273572217315185,0.008
1.9995551934743898,-0.005158200817831567,-0.015017039304549838,3.9989917589335864,0.9856628720295807,1.0089658736080869,0.9623219303315648,0.9830014153136221,0.6178032242770564,0.016
1.9987581209789715,-0.0053376121773614504,-0.015076904427268967,3.9967686191814775,0.9865090599497367,1.0098158369793024,0.9407941474137027,0.9602450053927796,0.6851887853741457,0.024
1.9975781100090262,-0.005517106599171846,-0.015137630117611545,3.9934032448143006,0.9878301538474229,1.0111422427963308,0.9196087517643209,0.9375136582507549,0.714173499474519,0.032
1.9960153324986074,-0.005696589368909595,-0.01519918358471266,3.988900333655267,0.989624140002915,1.0129430941350808,0.8990492337261237,0.9151202982409075,0.7301914491661397,0.04
1.9940700035719592,-0.005875964896464016,-0.015261527697841466,3.983266098377567,0.9918883689025991,1.0152157586799062,0.8791773500262228,0.8931497053602505,0.7403315746844562,0.048
1.99174237769321,-0.006055136674307451,-0.015324620866022357,3.9765082345812908,0.9946195478327221,1.0179569609988925,0.8600039161169888,0.8716331193969097,0.7473206488494635,0.056
1.9890327494561326,-0.006234006937533893,-0.015388417073804228,3.968635902748918,0.9978137456029063,1.021162787623531,0.8415234221971791,0.8505836750584356,0.7524268095420161,0.064
1.9859414584163426,-0.006412477176481642,-0.015452866042810025,3.959659723656684,1.0014664135665332,1.0248287081575855,0.8237241506430276,0.8300068008502196,0.7563188529211202,0.07200000000000001
1.9824688802324446,-0.006590447465403351,-0.01551791335705277,3.949591713639881,1.0055723884099474,1.0289495777948336,0.8065919132242994,0.8099040826589207,0.7593825959767702,0.08000000000000002
1.9786154397972855,-0.0067678169213324455,-0.015583500429317632,3.938445306368116,1.0101258963949122,1.0335196411047258,0.7901115671583833,0.7902748746185181,0.7618561271596694,0.088
1.974381615061887,-0.006944483505810789,-0.015649564566369196,3.926235331429795,1.0151205929919895,1.0385325732685258,0.7742677984168382,0.7711171486562035,0.763894291419633,0.096
1.9697679267769361,-0.007120343976291266,-0.015716039153675046,3.912977935638203,1.0205495445648731,1.043981460030761,0.7590454682968983,0.752427885368243,0.7656021293240879,0.10400000000000001
1.96477495254149,-0.007295293972335824,-0.015782853698394352,3.8986905964877407,1.0264052567166881,1.0498588266824251,0.7444298204021778,0.734203338674063,0.7670534009714448,0.11200000000000002
1.959403328345993,-0.007469227965401174,-0.015849933698448008,3.8833920839604428,1.0326796904313977,1.0561566541245613,0.730406595796667,0.7164391937562533,0.7683014180773305,0.12
1.9536537458254029,-0.0076420393892008154,-0.01591720107900025,3.8671024029023138,1.0393642723981928,1.0628663890493946,0.7169620951014288,0.6991306654822099,0.7693856679611416,0.128
1.947526961667156,-0.007813620726607639,-0.01598457426283486,3.849842774355995,1.0464499203285078,1.0699789692646504,0.7040832179329114,0.6822725800601677,0.7703360200466811,0.136
1.9410237999218212,-0.007983863366333896,-0.01605196830625969,3.8316355914502624,1.0539270580190536,1.0774848386835938,0.6917574981867451,0.6658594437539747,0.7711754844242872,0.14400000000000002
1.9341451447745108,-0.008152657693688623,-0.016119294988715727,3.812504341788645,1.0617856336325757,1.0853739655218224,0.6799731157637491,0.64988547912143,0.7719220734360009,0.15200000000000002
1.926891955775281,-0.008319893283587827,-0.0161864629552528,3.792473605214581,1.0700151380073053,1.093635860551478,0.6687188996817595,0.634344665833255,0.7725900879941311,0.16
1.9192652681116384,-0.00848545902007268,-0.01625337799342124,3.7715689930303125,1.0786046340084472,1.1022596064239678,0.6579843365697475,0.619230773309112,0.7731910264738806,0.168
1.9112661975000576,-0.008649243103574495,-0.016319943189131988,3.7498171033840872,1.0875427731214515,1.111233874224066,0.6477595879584197,0.6045374018896561,0.7737342384640096,0.17600000000000002
1.9028959418902012,-0.008811133112162903,-0.016386059063616554,3.727245463923728,1.0968178149433456,1.1205469428187238,0.638035493113652,0.590258005230242,0.7742274041313716,0.184
1.8941557752006046,-0.008971016302971726,-0.016451623961241054,3.703882449056546,1.106417665499572,1.1301867371268455,0.6288035781888587,0.5763859111135192,0.7746768910783907,0.192
1.8850470629043108,-0.009128779633529807,-0.016516534075261026,3.679757266754389,1.1163298859375297,1.1401408367447292,0.6200560594674899,0.5629143476507222,0.7750880227880499,0.2
1.8755712669193751,-0.009284309930309546,-0.016580683714222017,3.6548999122167736,1.1265417199196166,1.1503965032790748,0.6117858505148039,0.5498364632399451,0.7754652841613322,0.20800000000000002
1.8657299397272094,-0.009437494146325134,-0.016643965697768992,3.6293410774525574,1.1370401265458197,1.1609407132196834,0.603986584197899,0.5371453506810672,0.7758124803476242,0.21600000000000003
1.8555247314752532,-0.009588219427963724,-0.016706271434771783,3.6031121064837506,1.1478117952794016,1.1717601727143665,0.5966526219202797,0.5248340643674514,0.776132860659234,0.224
1.8449573943047222,-0.009736373376695964,-0.016767491270614002,3.5762449470397994,1.1588431768225627,1.1828413484522518,0.5897790669458064,0.5128956363692322,0.7764292164968791,0.232
1.834029781955761,-0.009881844202692969,-0.016827514801739694,3.5487720813358914,1.1701205129717507,1.1941704973755642,0.5833617828478966,0.5013230912131099,0.7767039593219425,0.24000000000000002
1.8227438537982685,-0.010024520991164671,-0.01688623111300187,3.5207264692760094,1.1816298567342856,1.2057336866929407,0.5773974169233885,0.4901094641196065,0.7769591830519602,0.248
1.811101677931094,-0.010164293871893347,-0.016943529022003367,3.4921414930642554,1.1933570967107883,1.2175168182609417,0.5718834211801583,0.47924781303769537,0.777196714624705,0.256
1.7991054328661003,-0.010301054277550728,-0.016999297438412504,3.4630508990263142,1.205287986185262,1.229505657572098,0.566818081037241,0.4687312328883171,0.7774181552481512,0.264
1.7867574080926105,-0.010434695237494143,-0.0170534257260541,3.43348873502866,1.2174081701665598,1.2416858606370638,0.5622005470091976,0.4585528678420402,0.7776249142460576,0.272
1.7740600095709593,-0.010565111493165392,-0.017105803822212676,3.403489300065019,1.2297032039910742,1.2540429926282144,0.5580308640932329,0.44870592029576023,0.7778182368819346,0.28
1.7610157603123784,-0.010692199792243211,-0.017156322635741857,3.3730870865105813,1.2421585789728262,1.266562553357323,0.5543100138018172,0.4391836634592043,0.7779992275620841,0.28800000000000003
1.7476273022077478,-0.01081585922841025,-0.017204874440649554,3.342316729194943,1.2547597494158957,1.2792300041684705,0.5510399568711347,0.4299794505235546,0.7781688692355755,0.29600000000000004
1.7338973962093833,-0.010935991339309135,-0.017251353036259416,3.3112129422485297,1.2674921509282966,1.2920307862126985,0.548223682263785,0.42108672324968505,0.7783280395856013,0.304
1.7198289223152405,-0.011052500438413704,-0.017295654116742054,3.2798104579283667,1.2803412299094648,1.3049503499704542,0.5458652623367015,0.41249902017775575,0.7784775247620536,0.312
1.7054248845825906,-0.01116529389807322,-0.017337675589802422,3.2481439930259444,1.2932924616144785,1.31797417310256,0.5439699098233917,0.40420998324267177,0.7786180310082532,0.32
1.6906884118576544,-0.011274282313219516,-0.017377317810843257,3.216248199115628,1.3063313687055573,1.3310877789393676,0.5425440457422788,0.3962133648245527,0.7787501945235562,0.328
1.6756227545119766,-0.011379379785124913,-0.017414483910518974,3.184157596130788,1.319443545721506,1.3442767608876813,0.5415953779092896,0.38850303445400064,0.7788745899409227,0.336
1.6602312845355258,-0.011480504193033727,-0.017449080116243573,3.1519065246383913,1.3326146788564581,1.3575268021246711,0.541132985466795,0.3810729846025872,0.7789917375829098,0.34400000000000003
1.644517501160534,-0.011577577319045207,-0.017481015951429098,3.1195291176223776,1.3458305601015188,1.3708236896591375,0.5411674089557119,0.3739173356800373,0.779102109683158,0.35200000000000004
1.6284850307023544,-0.011670525102287926,-0.017510204469012938,3.0870592569055866,1.3590771042440777,1.384153331262803,0.541710752231478,0.3670303389081593,0.7792061357976114,0.36
1.612137620231454,-0.01175927791150659,-0.01753656258960055,3.0545305092882167,1.3723403740402496,1.3975017806289538,0.5427768042087299,0.3604063814880679,0.779304207523063,0.368
1.5954791424425838,-0.011843770676401855,-0.017560011269234142,3.021976099743103,1.3856065889685854,1.4108552459860895,0.5443811646139873,0.354039989974063,0.7793966825495189,0.376
1.5785135945244635,-0.011923943071471677,-0.0175804757324173,2.9894288743490756,1.3988621410838995,1.4242001059045353,0.546541389045116,0.3479258336236266,0.7794838882225343,0.384
1.5612450995677174,-0.01199973971383092,-0.017597885698066952,2.9569212710701875,1.4120936107912265,1.4375229250269854,0.5492771482377774,0.3420587269062919,0.7795661246684541,0.392
1.5436779023132086,-0.01207111027631583,-0.01761217554109569,2.924485266030444,1.4252877789484557,1.4508104661103358,0.5526104115645881,0.3364336326571469,0.779643667522749,0.4
1.5258163697634577,-0.01213800965048643,-0.017623284466691008,2.8921523504543654,1.4384316410153852,1.4640497041440794,0.5565656453494409,0.3310456630138519,0.7797167703508108,0.40800000000000003
1.507664990360111,-0.012200398061970423,-0.017631156661301866,2.859953501645554,1.4515124165381894,1.477227835782536,0.5611700380660039,0.3258900814070386,0.7797856667640056,0.41600000000000004
1.4892283727995235,-0.012258241161915893,-0.017635741417463366,2.827919147620403,1.4645175612466634,1.490332291380079,0.566453752838423,0.3209623042926999,0.7798505723118389,0.42400000000000004
1.470511244906187,-0.012311510121264899,-0.017636993252844346,2.7960791406860666,1.477434778760006,1.503350746678976,0.5724502098673497,0.31625790227229006,0.7799116861550974,0.432
1.4515184516668718,-0.01236018170131468,-0.017634872017832696,2.7644627331575213,1.4902520280811258,1.5162711302867453,0.5791964043692311,0.3117726010911502,0.7799691925372224,0.44
1.4322549554240849,-0.012404238281889895,-0.017629342936012333,2.7330985550814786,1.5029575283128884,1.5290816283481845,0.5867332620763572,0.30750228232536236,0.7800232620931182,0.448
1.412725832909994,-0.01244366791912375,-0.017620376695131213,2.702014586051703,1.5155397675305344,1.5417706933467263,0.5951060429849937,0.30344298432681627,0.7800740530433646,0.456
1.3929362737480175,-0.01247846434524174,-0.01760794947109027,2.6712381409836627,1.527987517663602,1.5543270590774112,0.604364793866441,0.2995909022068547,0.7801217122625421,0.464
1.3728915789018319,-0.012508626952711982,-0.017592042927418956,2.6407958473178392,1.5402898335336963,1.5667397396593947,0.6145648599908131,0.29594238794566285,0.7801663761945945,0.47200000000000003
1.3525971602364237,-0.01253416076434501,-0.017572644211775942,2.6107136252996277,1.552436057439551,1.5789980340813459,0.625767463606389,0.29249395060321326,0.7802081717028756,0.48000000000000004
1.3320585350600924,-0.012555076400895652,-0.01754974594013859,2.5810166733323348,1.5644158233559713,1.5910915303686974,0.6380403640479034,0.28924225624555516,0.7802472168352806,0.488
1.3112813263122982,-0.012571390022150459,-0.017523346167914965,2.5517294590638313,1.5762190671382164,1.6030101159048413,0.6514586034788431,0.2861841283715169,0.7802836215093624,0.496
1.2902712631926774,-0.012583123267514831,-0.017493448344490688,2.52287570404134,1.5878360308933235,1.6147439818316447,0.6661053526965933,0.28331654726123,0.7803174881296019,0.504
1.2690341745749354,-0.012590303116259274,-0.017460061183788046,2.4944783694084713,1.599257254065598,1.6262836140166754,0.6820728834608917,0.28063664939898436,0.7803489121238262,0.512
1.2475759872223002,-0.012592961789254113,-0.017423198589326637,2.4665596499759688,1.6104735796413527,1.6376197993985693,0.6994636760580066,0.2781417273277998,0.7803779824383494,0.52
1.2259027258864101,-0.012591136702350361,-0.017382879622608156,2.4391409664121713,1.6214761639459156,1.6487436358997916,0.7183916851639408,0.2758292291957316,0.7804047820058373,0.528
1.2040205105200708,-0.012584870269376085,-0.01733912832946001,2.412242962820978,1.6322564768576107,1.659646532613055,0.7389837978032224,0.27369675872738675,0.7804293881601422,0.536
1.181935553310325,-0.012574209685507884,-0.01729197352756126,2.3858855020038416,1.6428062822687386,1.670320190182624,0.7613815090328343,0.27174207412611046,0.7804518729571887,0.544
1.1596541558298314,-0.012559206892325113,-0.01724144878671195,2.3600876623899363,1.653117652814684,1.680756615837504,0.7857428573594989,0.26996308755927195,0.7804723035179231,0.552
1.137182707349583,-0.01253991838376834,-0.017187592250712667,2.334867740026761,1.6631829683700845,1.6909481219271925,0.812244663192575,0.2683578647549935,0.7804907423291376,0.56
1.1145276819775067,-0.01251640496772152,-0.017130446410785073,2.310243251445729,1.6729949100768056,1.7008873198939019,0.8410851276037131,0.26692462443718284,0.7805072475192529,0.5680000000000001
1.0916956386221077,-0.012488731585278003,-0.01707005795210513,2.286230939647912,1.682546451324573,1.710567111337225,0.8724868536068164,0.26566173808598886,0.7805218730743461,0.5760000000000001
1.0686932160944833,-0.012456967208720797,-0.017006477643706976,2.2628467801891357,1.6918308609221895,1.7199806914540998,0.9067003776609746,0.26456772874393536,0.7805346690460853,0.5840000000000001
1.0455271313248773,-0.012421184533110873,-0.016939760049368074,2.2401059921559803,1.7008416930031236,1.7291215389783003,0.9440083040436661,0.26364127075841337,0.7805456817319684,0.592
1.0222041778204063,-0.012381459791241486,-0.016869963355218155,2.2180230465209925,1.7095727746244305,1.7379834037198307,0.9847301615408119,0.26288118920715187,0.7805549538469293,0.6
0.9987312238794297,-0.012337872612699424,-0.016797149241966,2.1966116757450376,1.7180182154063801,1.746560316522569,1.029228131074023,0.26228645935600686,0.7805625246865668,0.608
0.9751152090417983,-0.012290505723053825,-0.016721382592476214,2.1758848954744354,1.7261723896929544,1.7548465714976322,1.0779138286053185,0.26185620610532095,0.7805684302249075,0.616
0.9513631432858614,-0.012239444755654614,-0.01664273129772402,2.155855021769769,1.7340299211503531,1.762836710677162,1.1312563570596674,0.2615897030401477,0.7805727032107029,0.624
0.9274821066118378,-0.012184778064319671,-0.016561266093300123,2.136533689192901,1.741585674099241,1.770525515432662,1.1897919146044769,0.2614863723738764,0.7805753732637566,0.632
0.9034792435479955,-0.012126596480922517,-0.016477060322558173,2.1179318584793543,1.7488347575707266,1.7779080108253198,1.2541353169796379,0.2615457843322271,0.7805764669657086,0.64
0.8793617623451964,-0.01206499305448027,-0.016390189702594305,2.1000598462826474,1.755772509864941,1.7849794502351688,1.3249938559082144,0.26176765704838534,0.7805760079102103,0.648
0.8551369364193556,-0.012000062877220235,-0.016300732157302565,2.082927351365132,1.762394479387725,1.7917352962528021,1.4031840465671324,0.2621518559754124,0.7805740167329778,0.656
0.8308121021548724,-0.01193190285582281,-0.01620876757256297,2.066543476439157,1.7686964136615497,1.798171209829076,1.4896519875662655,0.2626983928996729,0.7805705111431691,0.664
0.8063946539691229,-0.011860611499287093,-0.016114377595667022,2.0509167385622833,1.774674260027886,1.8042830512324097,1.5854982499074501,0.26340742579647647,0.7805655059577539,0.672
0.7818920437288441,-0.011786288718751516,-0.01601764545463947,2.03605509777116,1.7803241509060224,1.8100668654204544,1.692008437646481,0.26427925844880357,0.780559013098261,0.68
0.7573117858070205,-0.011709035579574664,-0.015918655714519246,2.021965987089749,1.7856423847575842,1.8155188630626242,1.8106909255100416,0.2653143399018085,0.7805510415709285,0.6880000000000001
0.7326614514127059,-0.011628954087741731,-0.01581749406980928,2.008656331548756,1.7906254204276286,1.8206354150993935,1.9433238338813823,0.26651326410462145,0.7805415974497448,0.6960000000000001
0.7079486667368259,-0.01154614704059992,-0.015714247213304267,1.9961325640515875,1.7952698708423636,1.825413046539362,2.092013821170302,0.2678767696441454,0.7805306838630673,0.7040000000000001
0.6831811094868475,-0.01146071782080889,-0.01560900264078506,1.9844006262579001,1.799572500706981,1.8298484343272652,2.259270221169071,0.26940573949156166,0.780518300967781,0.712
0.6583665168523507,-0.011372770153929184,-0.015501848390519074,1.9734660103359984,1.8035302081283417,1.833938389100392,2.4480991411631914,0.2711011998594855,0.7805044458675675,0.72
0.6335126793720506,-0.011282407935106894,-0.015392872892918361,1.9633337702711,1.8071400221400713,1.8376798528468883,2.6621240736629828,0.2729643200943544,0.7804891125634434,0.728
0.6086274410483177,-0.011189735081274979,-0.015282164829199574,1.954008527832051,1.8103991023625123,1.8410698986958902,2.9057416702867926,0.2749964120929096,0.7804722918978365,0.736
0.5837186966540149,-0.01109485537284827,-0.015169812977754157,1.9454944572496642,1.81330473793408,1.8441057300106527,3.184324905648207,0.2771989296948696,0.7804539714757719,0.744
0.5587943938277462,-0.010997872230044444,-0.015055905996212537,1.9377953125896372,1.8158543408417052,1.8467846737985862,3.504490652599222,0.2795734681122954,0.7804341355647862,0.752
0.5338625329320771,-0.01089888855107672,-0.014940532274190491,1.9309144293038414,1.818045451187974,1.8491041861041106,3.8744560337247473,0.2821217632997482,0.7804127650082152,0.76
0.508931165395309,-0.010798006590169067,-0.014823779823384287,1.924854707063405,1.8198757449633722,1.8510618599199231,4.30451865281633,0.28484569127550396,0.7803898371267972,0.768
0.48400839309000954,-0.010695327847024368,-0.014705736155885944,1.9196185971530841,1.8213430431349698,1.8526554344995547,4.807712117304027,0.28774726685537044,0.7803653255944836,0.776
0.4591023620351483,-0.010590952849786995,-0.014586488081096076,1.9152080872801263,1.8224453074122422,1.8538827910531899,5.40071369811158,0.29082864290182747,0.7803392002967153,0.784
0.43422127239045055,-0.010484981050230711,-0.014466121608024726,1.9116246909098513,1.823180662801907,1.85474197538761,6.10512012564941,0.29409210923388807,0.7803114272308934,0.792
0.40937337029004695,-0.01037751071354619,-0.01434472184362023,1.908869413638909,1.8235474129268525,1.8552312135132463,6.949272596171778,0.29754009134547504,0.7802819683311699,0.8
0.384566949196446,-0.010268638840437995,-0.014222372918514935,1.9069427287588923,1.8235440617523326,1.855348933424479,7.970916369867708,0.30117514894350544,0.7802507813302273,0.808
0.3598103417577313,-0.010158460974703118,-0.014099157807341138,1.9058445283658625,1.8231693132397173,1.855093764670788,9.221159885369428,0.30499997457830197,0.7802178195461936,0.8160000000000001
0.3351119246814609,-0.010047071135231823,-0.0139751582739067,1.9055740946242161,1.8224221085830494,1.8544645757340885,10.770508091720158,0.3090173919576504,0.7801830317346613,0.8240000000000001
0.31048011615917515,-0.009934561742179684,-0.013850454788495666,1.9061300519218207,1.8213016511884816,1.8534604992746684,12.71830656105631,0.3132303535414129,0.7801463618579134,0.8320000000000001
0.28592337304255955,-0.009821023554091708,-0.01372512647893619,1.9075103241875075,1.8198074378996083,1.8520809632266155,15.20798072601958,0.3176419385708944,0.7801077489117051,0.8400000000000001
0.26145018531866854,-0.009706545548571723,-0.01359925101821716,1.9097120734350217,1.8179392726621202,1.8503257044770267,18.4525020268335,0.3222553506207245,0.7800671266424617,0.848
0.23706907206788042,-0.009591214832594612,-0.013472904541403437,1.9127316446778306,1.8156972913514078,1.8481947938441237,22.77871087471202,0.3270739147753989,0.7800244232505529,0.856
0.2127885813050841,-0.00947511661869432,-0.013346161629526657,1.9165645121805541,1.8130820141297637,1.8456886886347377,28.70824707954753,0.3321010745175512,0.7799795611524345,0.864
0.18861728606465683,-0.00935833419292828,-0.01321909528998529,1.9212052228256205,1.8100943764058022,1.8428082633578027,37.11405355215312,0.33734038844952335,0.7799324567112136,0.872
0.16456377918542625,-0.00924094883216321,-0.013091776885661814,1.9266473311508217,1.8067357556059807,1.8395548365822796,49.54498187762758,0.3427955265562036,0.7798830198646747,0.88
0.14063666502906053,-0.009123039721058507,-0.012964276046321768,1.9328833352295842,1.8030079764676683,1.8359301764265412,68.96069676250025,0.3484702658101772,0.7798311536173874,0.888
0.1168445570974468,-0.009004683974923261,-0.012836660705844435,1.939904619647564,1.7989133801672357,1.8319365696326855,101.5947233467298,0.35436848568206153,0.7797767537684189,0.896
0.09319607138705298,-0.008885956616349599,-0.0127089970869918,1.9477013963347216,1.7944548548624346,1.8275768520088007,162.45611353481334,0.3604941631389767,0.7797197084687231,0.904
0.0696998203835131,-0.008766930536687059,-0.012581349670815634,1.9562626468158104,1.789635865243636,1.8228544380464693,295.56966320186024,0.36685136708685767,0.7796598977022058,0.912
0.04636440793524073,-0.008647676445115908,-0.012453781154124103,1.96557606954483,1.7844604566803857,1.8177733252368409,679.9694102805151,0.37344425218179955,0.7795971925972346,0.92
0.023198419805926185,-0.008528262878614308,-0.012326352472136703,1.9756280268068283,1.7789332981111143,1.8123381367423317,2765.771805573881,0.38027705240339255,0.7795314548966897,0.928
0.000210416345158898,-0.00840875619563729,-0.012199122804618646,1.9864034969017232,1.773059717639329,1.806554157010639,34243820.742022656,0.38735407386556525,0.7794625363051771,0.936
-0.02259107679569888,-0.00828922057845932,-0.012072149577444763,1.9978860399892713,1.7668457201146106,1.8004273494169025,3026.9409153732568,0.3946796867809639,0.7793902776907575,0.9440000000000001
-0.04519757265205443,-0.008169718030023358,-0.011945488472805224,2.010057764666808,1.7602979978938433,1.7939643670631928,770.739899227266,0.4022583169804648,0.779314508182491,0.9520000000000001
-0.0676006337763816,-0.008050308376871053,-0.011819193442493377,2.022899292323753,1.7534239615057052,1.7871725833065701,351.24922554259143,0.41009443678885277,0.7792350442991983,0.9600000000000001
-0.08979188290390956,-0.007931049277637705,-0.011693316726508632,2.036389739359021,1.7462317509552598,1.7800601030429137,203.01829321687185,0.41819255501196145,0.7791516888841006,0.968
-0.11176301221600025,-0.00781199623294475,-0.011567908872800044,2.050506717826424,1.7387302379984517,1.772635765044285,133.66389713368483,0.42655720613529247,0.7790642298740802,0.976
-0.13350578698738305,-0.007693202585953608,-0.011443018751367846,2.0652263254567593,1.7309290173660774,1.7649091330854538,95.5684825928579,0.4351929387814698,0.7789724389173879,0.984
-0.15501206166492093,-0.007574719560381565,-0.011318693605952201,2.0805231459902216,1.7228384305158881,1.7568905196530566,72.34142000578646,0.4441043033684056,0.7788760699936622,0.992
-0.1762737880022812,-0.007456596289699809,-0.011194979083446707,2.0963702686044825,1.71446955624515,1.7485909765994303,57.100418386752814,0.4532958387848891,0.7787748577064708,1.0
-0.19728302236449344,-0.0073388798049608935,-0.01107191923835765,2.112739326878849,1.7058341912668638,1.7400222756532657,46.539395280814695,0.462772057959264,0.7786685153553672,1.008
-0.21803193425896905,-0.00722161507689199,-0.010949556588663272,2.129600518443374,1.696944838396746,1.7311968965267945,38.90711555502623,0.47253743261228404,0.7785567328295743,1.016
-0.23851282136374272,-0.007104845040416748,-0.01082793215174878,2.1469226531548884,1.6878146930587459,1.7221280133981294,33.20424659046452,0.48259637693235863,0.7784391742366007,1.024
-0.25871811896895985,-0.006988610638821145,-0.010707085495804753,2.164673216081657,1.6784576166383212,1.7128294682446148,28.82604497791697,0.4929532306785402,0.7783154751696493,1.032
-0.2786404007809732,-0.006872950823387769,-0.010587054752700484,2.18281843072984,1.6688881040476873,1.7033157384018454,25.388739404895727,0.5036122406893915,0.7781852396026441,1.04
-0.29827239481729495,-0.006757902582426964,-0.010467876664009891,2.2013233283842375,1.6591212530740094,1.6936019058531635,22.63902596986387,0.5145775409692728,0.7780480364140578,1.048
-0.31760699437567985,-0.006643500980876868,-0.010349586641188058,2.2201518360409502,1.649172724244418,1.683703617023599,20.40409711891472,0.5258531322669067,0.7779033953956688,1.056
-0.33663726596200844,-0.006529779185547246,-0.01023221878831131,2.239266875304096,1.6390586974564674,1.6736370393562603,18.562691571443295,0.5374428604143487,0.7777508026981381,1.064
-0.35535644928045396,-0.00641676852858557,-0.010115805978369188,2.25863045022351,1.6287958307064883,1.6634188200694207,17.027624703613554,0.5493503940241741,0.7775896956378497,1.072
-0.3737579745064325,-0.006304498493336311,-0.010000379859924309,2.278203763521936,1.6184012027964294,1.6530660288203636,15.734868257157595,0.5615791994522045,0.7774194566767113,1.08
-0.3918354690315609,-0.00619299674363194,-0.009885970894557885,2.2979473348438386,1.607892259774184,1.6425961041296018,14.636515079730104,0.574132515592043,0.7772394065274395,1.088
-0.4095827618491991,-0.006082289175991726,-0.009772608424734874,2.3178211209956787,1.5972867622685043,1.6320268005744787,13.696123203938862,0.5870133276333543,0.777048796251003,1.096
-0.42699389120822284,-0.005972399955310464,-0.009660320716810911,2.337784641122262,1.5866027223089025,1.6213761256824173,12.88556040583132,0.600224339152394,0.7768467979891814,1.104
-0.444063113604534,-0.005863351551971195,-0.00954913500567531,2.3577971130157462,1.5758583365112484,1.6106622730966889,12.182820230516178,0.6137679443471412,0.7766324941855013,1.112
-0.4607849078602502,-0.005755164734479181,-0.009439077518773466,2.3778175890827775,1.5650719237134716,1.5999035600916194,11.57048176314765,0.6276461970244624,0.7764048651003966,1.12
-0.47715397866327486,-0.005647858623256485,-0.009330173529966717,2.397805094166562,1.554261867356802,1.5891183700380382,11.034604529822822,0.6418607795772766,0.7761627741805599,1.1280000000000001
-0.4931652649303932,-0.005541450715770718,-0.009222447400392186,2.417718771315856,1.5434465340535348,1.5783250709038599,10.563922968475575,0.6564129700903795,0.775904950667992,1.1360000000000001
-0.5088139441554259,-0.005435956922814618,-0.009115922609291357,2.437518027822334,1.532644208902532,1.567541950567223,10.149251312555826,0.6713036109171262,0.7756299691671407,1.1440000000000001
-0.5240954354485872,-0.005331391604005928,-0.009010621810111617,2.4571626774209983,1.5218730288080133,1.5567871500550254,9.783038062678655,0.6865330750625626,0.775336225394077,1.1520000000000001
-0.5390054021287548,-0.005227767598992632,-0.00890656687375925,2.4766130832394544,1.5111509157416814,1.5460785968493178,9.4590284091721,0.7021012283662864,0.7750219072306256,1.1600000000000001
-0.5535397577088768,-0.005125096226248431,-0.008803778892077532,2.495830307284602,1.5004955002800822,1.5354339284619927,9.172005592076427,0.7180073942165841,0.7746849598203296,1.168
-0.5676946677486007,-0.005023387321656445,-0.008702278226596433,2.514776252143372,1.4899240544877503,1.5248704252440832,8.91759091857594,0.7342503176992188,0.7743230435683656,1.176
-0.5814665517251117,-0.004922649306666173,-0.00860208457444116,2.5334138004503917,1.47945343157786,1.514404950043671,8.692087592263588,0.7508281318440727,0.7739334831540243,1.184
-0.5948520848238548,-0.00482288919487387,-0.008503216989680545,2.551706950058781,1.469099996965428,1.5040538792839482,8.492357572963877,0.7677383151754141,0.7735132051697766,1.192
-0.6078482000393908,-0.004724112603050343,-0.008405693889388026,2.569620950644248,1.4588795591291823,1.4938330338074628,8.31572380571746,0.7849776538084723,0.7730586612591749,1.2
-0.6204520896737957,-0.004626323784698167,-0.008309533098061936,2.587122432673789,1.4488073072533612,1.4837576165197885,8.15989199623938,0.8025422052151427,0.7725657328174297,1.208
-0.6326612069540289,-0.00452952568659202,-0.00821475189173575,2.6041795325193666,1.4388977645618193,1.4738421657821021,8.022887517819566,0.8204272593136952,0.7720296121354722,1.216
-0.6444732651863017,-0.004433719979677224,-0.00812136701271248,2.6207620078753635,1.4291647225452917,1.4641004896156937,7.903004281291529,0.8386273015085817,0.7714446520867899,1.224
-0.6558862378648862,-0.004338907061685937,-0.008029394691676042,2.6368413491475184,1.4196211812278248,1.4545456059597388,7.798762897968428,0.8571359703726082,0.7708041749330915,1.232
-0.6668983598060385,-0.004245086101735011,-0.007938850684719684,2.652390887941671,1.4102793050895,1.4451896986004757,7.708876337581724,0.8759460223236705,0.7701002265955947,1.24
-0.6775081288676088,-0.004152255083461949,-0.007849750303851686,2.6673859004412535,1.4011503820763942,1.4360440762238047,7.632221474671823,0.8950492898314549,0.7693232573504023,1.248
-0.687714302989564,-0.00406041083148811,-0.0077621084079189115,2.68180368858852,1.392244769689897,1.427119118575627,7.56781559727798,0.9144366461455267,0.768461700963617,1.256
-0.6975158986930057,-0.0039695490466374215,-0.0076759394338781406,2.695623661089224,1.3835718568950475,1.4184242383279817,7.514796721963019,0.9340979665365198,0.7675014139475818,1.264
-0.7069121946349141,-0.003879664346599261,-0.007591257426903394,2.7088274206028777,1.375140035168467,1.4099678521448868,7.472406924367602,0.9540220852683016,0.7664249171624237,1.272
-0.7159027287898154,-0.0037907503062659807,-0.007508076046021771,2.721398823478655,1.3669566618810918,1.4017573440961475,7.439978389766603,0.9741967513127672,0.7652103525209956,1.28
-0.7244872962568719,-0.0037027994905538967,-0.00742640856993177,2.733324031481942,1.3590280307904148,1.3937990361776331,7.416921554719153,0.9946085818967235,0.7638300224110872,1.288
-0.7326659491734737,-0.0036158034920494835,-0.007346267902415984,2.7445915586924916,1.3513593543604077,1.386098170713892,7.4027149352862684,1.0152430128168313,0.7622483034821432,1.296
-0.7404389987671696,-0.0035297529889396595,-0.007267666600385181,2.7551923231576323,1.343954746246943,1.3786588928043126,7.396896192888144,1.0360842240041375,0.7604185988316576,1.304
-0.7478070109511471,-0.0034446377799010747,-0.007190616862398073,2.765119664101401,1.3368172031454015,1.371484232198075,7.3990544461614896,1.0571150488008378,0.7582787673165621,1.312
-0.7547708063525171,-0.003360446828232382,-0.007115130532284707,2.7743693624495362,1.3299485975659902,1.3645760961145397,7.408823263565988,1.078316845377397,0.7557440645253359,1.32
-0.7613314577272636,-0.0032771683113160316,-0.007041219099606201,2.782939644229332,1.3233496757790484,1.357935267232951,7.425874131318393,1.099669299934653,0.7526958592732035,1.328
-0.7674902923234648,-0.00319478968504893,-0.006968893699349615,2.790831190531989,1.3170200589420917,1.3515614048267421,7.449909718985579,1.121150097494365,0.7489628563928443,1.336
-0.7732488886350761,-0.0031132977265215652,-0.00689816509890095,2.7980471193437095,1.3109582467369836,1.3454530484272054,7.480656419322371,1.1427343562583012,0.7442883106041337,1.344
-0.7786090747029343,-0.0030326785838220007,-0.006829043690895438,2.804592962520001,1.305161630069881,1.3396076305698823,7.51785443909074,1.1643935797335327,0.7382693529646134,1.352
-0.7835729282864433,-0.002952917836665871,-0.006761539481287254,2.8104766387260702,1.2996265066193522,1.3340214923457592,7.5612418755354724,1.1860935504193602,0.7302363262389079,1.36
-0.7881427739672484,-0.002874000552690097,-0.00669566207690565,2.8157084055277948,1.2943480993695722,1.3286899019285832,7.61052399649012,1.2077897041944545,0.7189897958085737,1.368
-0.7923211840837117,-0.0027959113582527928,-0.00663142066087343,2.820300813916992,1.2893205835455888,1.3236070815607301,7.665301484689664,1.2294156676751162,0.7021538909596611,1.3760000000000001
-0.7961109744335287,-0.0027186345018089405,-0.0065688239840134555,2.8242686355197577,1.284537119922012,1.3187662409190133,7.7248646313806395,1.2508495205546823,0.6742986075785143,1.3840000000000001
-0.7995152054055713,-0.0026421539242770554,-0.0065078803381435485,2.8276288031015624,1.2799898888463037,1.3141596111179985,7.7874174988088685,1.2717855357434265,0.6199864082756178,1.3920000000000001
-0.802537178326005,-0.0025664533021368297,-0.006448597528782236,2.830400320271213,1.2756701255067595,1.3097784799480956,7.845590503626141,1.2909901396369794,0.47665208201805254,1.4000000000000001
-0.8051804341400671,-0.002491516130767251,-0.006390982847146402,2.832604172391281,1.2715681670991021,1.3056132390796356,7.845001067913935,1.29941058531936,-0.041624690574633035,1.4080000000000001
-0.8074487500408359,-0.0024173258004242136,-0.006335043030459846,2.8342632234616216,1.2676735048924177,1.3016534361594987,7.688330878145547,1.280645612495201,-0.5007250308697643,1.416
-0.8093461395964965,-0.002343865669721051,-0.006280784230601045,2.8354021141294097,1.2639748356249445,1.2978878261987499,7.491822799950131,1.253784980837045,-0.6259004051343459,1.424
-0.8108768493086516,-0.0022711191363378406,-0.006228211989466017,2.8360471408393084,1.2604601175405359,1.2943044275923155,7.298476613059254,1.2260522842506876,-0.675561563476986,1.432
-0.8120453541672178,-0.002199069697421283,-0.006177331230672312,2.8362261259237673,1.2571166273489964,1.290890579031095,7.113604672379068,1.1984426758498794,-0.7016512759834721,1.44
-0.8128563550443663,-0.002127701041286994,-0.006128146167940746,2.83596828789428,1.2539310309002278,1.2876330102076887,6.938053233329365,1.171203080274804,-0.7176397833499646,1.448
-0.8133147751998742,-0.0020569971256072478,-0.006080660283227478,2.835304103612164,1.2508894497651295,1.2845179083794498,6.771771199307101,1.1444229734180589,-0.7284140837438627,1.456
-0.8134257574353889,-0.0019869422594447185,-0.006034876288562916,2.834265163212988,1.247977534243839,1.2815309913714845,6.614460068649396,1.1181426336832259,-0.7361548482920985,1.464
-0.8131946588443895,-0.0019175211427751907,-0.0059907961103257135,2.832884017167906,1.2451805284034607,1.2786575725257816,6.465748618650154,1.092382710820096,-0.7419778806747781,1.472
-0.812627044857397,-0.001848718962521168,-0.005948420819976139,2.8311940206031236,1.2424833462523752,1.2758826368151766,6.325251643688562,1.0671545470203239,-0.7465122751009775,1.48
-0.8117286839734958,-0.0017805214940424747,-0.005907750598036334,2.8292291734322923,1.2398706553038041,1.2731909244207689,6.192592438425267,1.0424644439423667,-0.7501393253002869,1.488
-0.8105055435301545,-0.001712915156569538,-0.005868784690156133,2.827023961734727,1.2373269567162986,1.2705670108744052,6.067411847355333,1.0183156580071595,-0.7531034522609013,1.496
-0.8089637830992709,-0.00164588707821413,-0.005831521375487115,2.8246131923855002,1.2348366612514985,1.267995382926087,5.949371771955108,0.9947094264592471,-0.7555684990212135,1.504
-0.8071097470504436,-0.0015794251441005032,-0.005795957949420636,2.8220318269728137,1.2323841548844763,1.2654605039296418,5.838156187681743,0.971645538586309,-0.7576483755263448,1.512
-0.8049499558199233,-0.0015135181077028227,-0.005762090640890619,2.8193148148865728,1.2299538940811197,1.2629469091824737,5.7334710683000205,0.9491226867077107,-0.7594247181252637,1.52
-0.8024911007207728,-0.001448155636639538,-0.005729914597772593,2.816496934882251,1.2275304851990567,1.2604392853388457,5.635043686086996,0.9271386893485333,-0.7609575535365363,1.528
-0.7997400344487375,-0.0013833283824906462,-0.005699423852107581,2.813612634318836,1.2250987615288962,1.257922547347834,5.542621727855702,0.905690643789071,-0.7622919988981415,1.536
-0.7967037612006744,-0.0013190280291097505,-0.005670611305460932,2.810695862494376,1.2226438492577067,1.2553819041448295,5.4559723420588835,0.8847750396323381,-0.7634626151488921,1.544
-0.7933894278875946,-0.0012552473514137541,-0.005643468689857282,2.8077799217498076,1.2201512421755354,1.2528029332835888,5.374881126210393,0.8643878407028461,-0.7644963205876395,1.552
-0.7898043158027228,-0.001191980250852022,-0.005617986551277383,2.8048973224280864,1.217606880004258,1.250171659369709,5.299151162444029,0.8445245535281511,-0.7654143903244985,1.56
-0.7859558298832083,-0.0011292218048862017,-0.005594154229034656,2.802079638819352,1.2149972145370407,1.247474620041917,5.228602139609146,0.8251802842362005,-0.7662338591626778,1.568
-0.7818514853244086,-0.0010669683416361703,-0.005571959811240484,2.799357366029636,1.2123092751521578,1.2446989312440917,5.163069603611646,0.8063497919086245,-0.7669685258866458,1.576
-0.7774988976220417,-0.0010052174587092096,-0.005551390140274823,2.79675979840607,1.2095307211551012,1.2418323394200408,5.102404175012941,0.788027527131779,-0.7676296850184224,1.584
-0.7729057714659933,-0.0009439680462582305,-0.00553243081985705,2.794314914043566,1.2066499073251213,1.2388632871516103,5.046470872571744,0.7702076692793631,-0.7682266690125197,1.592
-0.7680798906886015,-0.0008832202965465345,-0.00551506621232487,2.7920492650506312,1.2036559301555665,1.2357809592194575,4.995148512141582,0.7528841631696631,-0.7687672549801448,1.6
-0.7630291050373023,-0.0008229757432399685,-0.005499279426838261,2.78998787615201,1.2005386690084499,1.2325753234740626,4.948329221809279,0.7360507536073482,-0.7692579742598512,1.608
-0.7577613170100547,-0.0007632372807097677,-0.005485052322164375,2.788154159712378,1.197288823825189,1.2292371683867438,4.9059179908512665,0.7197010126271016,-0.7697043509938817,1.616
-0.7522844701323066,-0.0007040091464008706,-0.005472365540527418,2.7865698407962696,1.1938979589455143,1.2257581469860224,4.867832279896597,0.703828366961778,-0.7701110880174075,1.624
-0.7466065363082297,-0.0006452969461341648,-0.005461198506530015,2.7852548923348115,1.1903585331666187,1.2221308067090437,4.8340017093551655,0.6884261240385875,-0.7704822129257884,1.6320000000000001
-0.7407355036214915,-0.0005871076442231862,-0.005451529457006071,2.7842274842849593,1.186663911300438,1.2183486006617643,4.804367812299934,0.6734874974098759,-0.7708211936866559,1.6400000000000001
-0.7346793644201103,-0.0005294495600019643,-0.005443335454602256,2.783503943947918,1.1828083784704595,1.214405901740131,4.778883833991089,0.6590056290242008,-0.7711310314242158,1.6480000000000001
-0.7284461019220612,-0.00047233233530715206,-0.005436592438951762,2.783098728157841,1.1787871624604807,1.2102980250988322,4.757514609688324,0.6449736098980787,-0.7714143355085753,1.6560000000000001
-0.7220436780288977,-0.00041576691634174134,-0.005431275260564236,2.7830244084649873,1.1745964336375312,1.2060212278503362,4.740236495730456,0.6313845006337674,-0.7716733842934567,1.6640000000000001
-0.7154800220031987,-0.00035976553148601965,-0.005427357721216972,2.783291668707552,1.1702332965771933,1.2015727004212364,4.727037347114788,0.6182313502591402,-0.7719101748028978,1.6720000000000002
-0.7087630196082876,-0.0003043416716954012,-0.005424812612122756,2.7839093130167822,1.1656957801473524,1.1969505564234797,4.717916547900342,0.6055072136220011,-0.7721264637360618,1.68
-0.7019004998721046,-0.0002495100425229692,-0.005423611761831778,2.7848842863751284,1.1609828378998044,1.1921538331891024,4.7128851372079295,0.5932051679474429,-0.7723238016359975,1.688
-0.6949002238932046,-0.00019528651211310998,-0.00542372610673553,2.786221705703788,1.1560943205037386,1.1871824639519972,4.7119659740823785,0.5813183285373518,-0.7725035610163343,1.696
-0.6877698762457428,-0.00014168807501870506,-0.005425125738658406,2.7879249004466717,1.151030949928966,1.1820372518433773,4.715193931816794,0.5698398633427368,-0.7726669600338784,1.704
-0.6805170563870309,-8.873281833640429e-05,-0.005427779952468788,2.7899954629810364,1.1457942918374333,1.176719842122651,4.722616160287985,0.5587630068104742,-0.772815082449233,1.712
-0.6731492641130843,-3.643985056698781e-05,-0.005431657328570683,2.792433307929995,1.1403867265470988,1.171232693107254,4.734292486660343,0.5480810711829833,-0.7729488945358636,1.72
-0.6656738920371688,1.5170757262594758e-05,-0.005436725802226075,2.7952367391749293,1.1348114080209406,1.165579034986481,4.750295810452215,0.5377874588876677,-0.7730692592862289,1.728
-0.6580982199553878,6.607802680131032e-05,-0.005442952721463092,2.798402525091453,1.1290722246805212,1.1597628305556018,4.770712548006063,0.5278756741623644,-0.7731769485737908,1.736
-0.6504294081754408,0.00011626011851341867,-0.005450304903890832,2.8019259786954556,1.1231737583087398,1.1537887339841477,4.795643164202045,0.5183393332615044,-0.7732726535996765,1.744
-0.6426744860961748,0.00016569441515422272,-0.005458748726878113,2.8058010431823925,1.1171212353348434,1.147662042008293,4.825202851060481,0.5091721731369214,-0.7733569937538219,1.752
-0.6348403472986311,0.0002143575816277712,-0.005468250193613302,2.8100203822156407,1.1109204784576419,1.1413886454365925,4.859522213647236,0.5003680605763231,-0.7734305242615535,1.76
-0.6269337441027368,0.00026222562831026866,-0.005478775006090595,2.814575473912289,1.1045778578661214,1.134974980254856,4.898748045116451,0.49192099937806455,-0.7734937428157347,1.768
-0.618961285793073,0.00030927398265772526,-0.0054902886409340336,2.8194567052622213,1.0981002426478734,1.1284279790254566,4.943044160447938,0.48382513863225607,-0.7735470952567796,1.776
-0.6109294300263267,0.0003554775512286091,-0.005502756418170311,2.824653473261454,1.0914949464423926,1.1217550163926269,4.992592445790695,0.47607478061615555,-0.7735909804361224,1.784
-0.6028444799435743,0.00040081079261973236,-0.005516143572321518,2.8301542823537718,1.084769674655845,1.1149638562180495,5.0475939077939875,0.46866438530444415,-0.7736257544756027,1.792
-0.5947125831120936,0.00044524778524157116,-0.0055304153215056,2.8359468426979637,1.0779324746350034,1.1080626017394941,5.108269841878395,0.461588577206809,-0.7736517344279152,1.8
-0.5865397319778752,0.0004887623065125562,-0.005545536953694726,2.8420181628816894,1.070991688264061,1.1010596482007837,5.1748630841563195,0.4548421500895785,-0.7736692014827184,1.808
-0.5783317564728102,0.0005313278868400335,-0.0055614738859701,2.8483546516048386,1.0639558929866568,1.0939636235646044,5.247639536511614,0.4484200711636464,-0.7736784036397751,1.816
-0.5700943256387974,0.0005729178753444497,-0.005578191729009702,2.854942212162777,1.0568338566633773,1.0867833434440062,5.32688971344839,0.4423174867618905,-0.773679558049199,1.824
-0.5618329486476602,0.0006135055133835226,-0.005595656358198084,2.8617663286245363,1.0496344922538487,1.0795277658090492,5.412930429779062,0.4365297252953099,-0.7736728530403247,1.832
-0.553552976647111,0.0006530640089670305,-0.00561383398876019,2.868812150763581,1.0423668169469238,1.0722059502243442,5.50610665614496,0.4310523010974954,-0.7736584498420844,1.84
-0.5452596003968238,0.0006915665731344648,-0.00563269121109149,2.8760645814660384,1.0350398980122801,1.064827003402104,5.60679363938739,0.42588091762744656,-0.7736364839099408,1.848
-0.5369578533790084,0.0007289864977979305,-0.005652195067922659,2.88350835324263,1.027662815412982,1.0574000418523273,5.715399114382834,0.4210114698160503,-0.7736070661524812,1.856
-0.5286526141067501,0.000765297224142222,-0.005672313119832033,2.8911281033756575,1.0202446237020941,1.0499341537738536,5.832365753139225,0.4164400467727046,-0.7735702838787527,1.864
-0.52034860992292,0.0008004724152694325,-0.005693013513878004,2.898908437454235,1.0127943256279772,1.0424383729448081,5.958173809692434,0.41216293393743336,-0.7735262016014541,1.872
-0.5120504183548312,0.0008344859787252374,-0.005714265003837272,2.9068339944039794,1.0053208269470004,1.034921633195615,6.093344067763168,0.408176614876259,-0.7734748614863161,1.8800000000000001
-0.503762471139575,0.000867312114477822,-0.005736036992525511,2.914889503572585,0.9978329072182147,1.027392739278354,6.238441006193046,0.40447777303917115,-0.7734162836966739,1.8880000000000001
-0.4954890581433939,0.0008989253996782563,-0.005758299611860303,2.923059835653958,0.9903391967422583,1.0198603438866356,6.394076251367303,0.4010632928555549,-0.7733504666310115,1.8960000000000001
-0.48723433211399625,0.0009293008514305976,-0.005781023782046861,2.931330048571288,0.9828481601594609,1.0123329314693146,6.560912328803845,0.3979302609890061,-0.7732773870077237,1.9040000000000001
-0.4790023125503219,0.0009584139515430581,-0.005804181229636441,2.9396854264435808,0.975368061179224,1.0048187826059962,6.739666766947757,0.39507596677899454,-0.7731969995935923,1.9120000000000001
-0.47079689033838007,0.0009862407008584104,-0.005827744528021223,2.9481115133642004,0.9679069496247624,0.9973259612487425,6.93111656209292,0.3924979032373633,-0.7731092369082614,1.9200000000000002
-0.4626218331557431,0.001012757647249371,-0.005851687116825209,2.9565941425784947,0.9604726466862581,0.9898623000454246,7.1361030083288,0.39019376732450134,-0.7730140087306248,1.928
-0.4544807896179082,0.0010379419647659981,-0.005875983378484925,2.965119459969082,0.9530727404253306,0.9824353960831582,7.355536993768335,0.38816146021718134,-0.7729112015173354,1.936
-0.44637729584624186,0.0010617714785651163,-0.005900608651753934,2.9736739398965004,0.9457145657743228,0.9750525906313007,7.59040468450025,0.38639908748813373,-0.7728006774667412,1.944
-0.43831478069078733,0.0010842247056181763,-0.005925539262361957,2.982244397425113,0.9384051993280007,0.9677209640144625,7.841773729648938,0.3849049586979315,-0.7726822735121327,1.952
-0.4302965707353743,0.0011052809030633489,-0.005950752559394354,2.9908179957816183,0.9311514558443198,0.9604473321978865,8.110800007434518,0.3836775870054768,-0.772555800094488,1.96
-0.42232589419162975,0.001124920108217009,-0.005976226939451075,2.9993822545351416,0.923959892731386,0.9532382515716763,8.398734992436388,0.38271568887738716,-0.7724210397523057,1.968
-0.4144058888619857,0.0011431231395872693,-0.006001941837655289,3.007925043558507,0.9168368015791384,0.9461000102843115,8.706933574776862,0.38201818337879767,-0.7722777453544307,1.976
-0.40653960669510036,0.0011598716648961907,-0.006027877778300701,3.016434578941741,0.9097882145005944,0.939038634695596,9.03686264869926,0.3815841914263391,-0.7721256382238572,1.984
-0.3987300192166583,0.0011751482335589966,-0.0060540163907890025,3.024899413889665,0.9028199071485916,0.9320598924762611,9.39011035704393,0.38141303472898364,-0.7719644058755935,1.992
-0.3909800205247655,0.001188936319796348,-0.006080340443875929,3.0333084322887416,0.8959374074256652,0.9251693014567267,9.768396181759211,0.381504234367111,-0.7717936995131589,2.0
-0.3832924354029005,0.001201220328069671,-0.006106833830621648,3.0416508284308463,0.889146000019403,0.9183721341220855,10.173581589607164,0.38185750972086263,-0.7716131310993082,2.008
-0.3756700245137113,0.0012119856065151249,-0.006133481561778879,3.04991609173991,0.8824507351918883,0.9116734265340237,10.607681599041992,0.382472776984662,-0.7714222700205504,2.016
-0.3681154886062038,0.00122121850646528,-0.006160269807176979,3.0580939850595756,0.875856440142909,0.9050779897492375,11.07287725199421,0.38335014754284347,-0.7712206393675606,2.024
-0.36063147058001527,0.0012289064067066912,-0.006187185899260088,3.0661745329000825,0.8693677325116766,0.8985904234681024,11.571529115043546,0.38448992599688747,-0.7710077116966872,2.032
-0.3532205629032401,0.0012350377259594627,-0.00621421832505558,3.0741479903491364,0.8629890302142349,0.8922151258755815,12.106191402842397,0.38589260831480854,-0.7707829041386385,2.04
-0.34588531264887434,0.0012396019519307457,-0.006241356731805298,3.0820048199234376,0.8567245635019288,0.8859563057449381,12.679627125570656,0.3875588793125603,-0.7705455728588442,2.048
-0.33862822615685517,0.0012425896542807165,-0.006268591915652169,3.0897356666921727,0.8505783884305033,0.8798179960308514,13.294824196689728,0.38948961039552676,-0.7702950067070664,2.056
-0.33145176930375636,0.001243992509526568,-0.006295915822044528,3.0973313436514616,0.8445544020847643,0.8738040691846445,13.9550128144615,0.39168585687218216,-0.7700304200251752,2.064
-0.32435837392636735,0.0012438033219571815,-0.006323321541519784,3.1047827973439235,0.8386563563557112,0.8679182509981435,14.66368333047308,0.3941488553018671,-0.769750944357073,2.072
-0.31735044057327216,0.0012420160388652108,-0.006350803297342255,3.112081082574035,0.8328878719271843,0.8621641346735871,15.424605238176605,0.3968800204170914,-0.7694556189275527,2.08
-0.31043034326720864,0.0012386257666864061,-0.006378356432387541,3.119217336538999,0.8272524522842918,0.856545194903999,16.241846760430974,0.39988094171114835,-0.7691433796884701,2.088
-0.30360043122821917,0.001233628783079354,-0.006405977394024931,3.1261827648996596,0.8217534961519184,0.8510648003149963,17.119795361342337,0.4031533793614044,-0.7688130466669312,2.096
-0.2968630334535305,0.001227022555186084,-0.006433663717979424,3.1329686110047037,0.8163943131355739,0.8457262292772725,18.06317851547309,0.40669926085405944,-0.7684633093071702,2.104
-0.2902204604700558,0.0012188057495033993,-0.006461414002812728,3.1395661332893727,0.8111781365731484,0.8405326828260844,19.077085022905873,0.4105206767827924,-0.7680927094208353,2.112
-0.28367500811641516,0.0012089782390890768,-0.006489227886068849,3.145966585674738,0.8061081362714371,0.8354872974667731,20.16698607239096,0.4146198761314908,-0.7676996213188727,2.12
-0.27722895717445295,0.0011975411111632482,-0.006517106013100974,3.152161206341819,0.8011874285270151,0.8305931551763981,21.338756484094706,0.4189992612323298,-0.7672822285022367,2.128
-0.27088457750125217,0.0011844966877049164,-0.006545050024447317,3.158141190401976,0.7964190905334004,0.8258532979850879,22.59869457971212,0.42366138277459503,-0.7668384963423264,2.136
-0.2646441312991482,0.0011698485213424053,-0.006573062515131505,3.163897674371731,0.7918061704422293,0.8212707381058121,23.953540633196194,0.4286089338111743,-0.7663661397535402,2.144
-0.25850987313036056,0.0011536014006060795,-0.006601146995216519,3.169421722918375,0.7873516971640246,0.816848467806807,25.410493754457598,0.43384474390939515,-0.7658625848390727,2.152
-0.25248404946735403,0.0011357613496193347,-0.006629307848201213,3.1747043229367673,0.7830586866737024,0.8125894656601855,26.977226016125073,0.4393717721190124,-0.7653249231457315,2.16
-0.24656890323724184,0.0011163356448982851,-0.006657550304585426,3.17973636837376,0.778930153189486,0.8084967079166225,28.661891693227908,0.4451930999791548,-0.7647498569606604,2.168
-0.24076667530515883,0.0010953328192295241,-0.006685880397120637,3.184508653622063,0.7749691164564695,0.8045731758577175,30.47313171618218,0.45131192348778854,-0.7641336333601311,2.176
-0.23507960496183705,0.0010727626465684074,-0.006714304905087244,3.189011866054145,0.7711786073840236,0.8008218615006406,32.420071717380964,0.45773154467919225,-0.7634719642234067,2.184
-0.2295099301939167,0.0010486361410161772,-0.006742831302906446,3.193236586380939,0.7675616708350134,0.7972457703212182,34.51231185005549,0.4644553619948513,-0.7627599286770997,2.192
-0.2240598885203022,0.001022965568601757,-0.006771467718756096,3.1971732851578576,0.7641213714712447,0.7938479272735455,36.7599063194727,0.47148686059983175,-0.7619918533479255,2.2
-0.21873171806188704,0.0009957644540995567,-0.006800222893824769,3.2008123231471455,0.7608607985737703,0.7906313816901249,39.17333033897853,0.4788296011205151,-0.7611611644062687,2.208
-0.2135276579965704,0.0009670475632610415,-0.006829106109735453,3.2041439550646262,0.7577830661234848,0.7875992074058957,41.7634323259029,0.48648720734642487,-0.7602602028973515,2.216
-0.2084499482776166,0.0009368308977128954,-0.006858127126424506,3.2071583383002236,0.754891311242345,0.7847545011180479,44.54136870058598,0.4944633522903027,-0.7592799926973876,2.224
-0.20350083110225897,0.0009051316972948451,-0.006887296126083556,3.2098455387465097,0.7521886971326462,0.7821003855455617,47.51851733540554,0.5027617429304431,-0.7582099464495193,2.232
-0.19868255005352745,0.0008719684464486128,-0.006916623662370961,3.2121955387197834,0.7496784125411552,0.7796400089430818,50.70636798405016,0.5113861032102451,-0.757037488910587,2.24
-0.19399735082716316,0.0008373608573471625,-0.006946120589769836,3.2141982510581286,0.7473636688125763,0.7773765421832147,54.11638471637042,0.520340154472643,-0.7557475693371167,2.248
-0.18944748061583144,0.0008013298620868138,-0.006975797986834976,3.2158435350332764,0.7452476931024207,0.7753131718757375,57.75983807483276,0.5296275921926058,-0.7543220228361397,2.2560000000000002
-0.1850351883339375,0.0007638976170210264,-0.007005667097437612,3.2171212107619835,0.7433337266157407,0.7734530987954508,61.64760259439438,0.5392520593255319,-0.7527387238485195,2.2640000000000002
-0.1807627243305504,0.0007250875007875589,-0.00703573926481708,3.218021077427579,0.7416250195468675,0.7717995328781876,65.78991695366064,0.5492171139256393,-0.7509704478129469,2.2720000000000002
-0.17663233976516632,0.0006849241097999898,-0.007066025864305643,3.218532934401688,0.7401248275554626,0.7703556898193711,70.19610390443006,0.5595261894651777,-0.7489833171982945,2.2800000000000002
-0.17264628639534618,0.0006434332421890177,-0.007096538215965091,3.2186466043921413,0.7388364001019584,0.7691247792895692,74.87424700287785,0.5701825440200803,-0.7467346423628941,2.2880000000000003
-0.16880681569936315,0.0006006418973635626,-0.00712728751385369,3.218351956633691,0.7377629714122446,0.7681099958688302,79.83082340834112,0.5811891944812978,-0.7441698655461555,2.2960000000000003
-0.16511617870297154,0.0005565782798438849,-0.00715828476017521,3.2176389310883593,0.7369077545020549,0.7673145133111892,85.07029090987996,0.5925488280518048,-0.7412181421429249,2.3040000000000003
-0.1615766244581779,0.0005112718004863905,-0.0071895406931139424,3.2164975662868027,0.7362739309734391,0.7667414743121472,90.59463107274583,0.6042636781068407,-0.7377857945870253,2.3120000000000003
-0.158190398981246,0.00046475306113780385,-0.007221065703498327,3.2149180280980616,0.7358646403875992,0.7663939799338534,96.40284771510518,0.616335343847056,-0.7337463445435104,2.32
-0.15495974506126645,0.0004170538464630365,-0.0072528697480696335,3.2128906415976557,0.7356829684036986,0.7662750777285995,102.49041958607069,0.6287645163632934,-0.7289248473148535,2.328
-0.15188690144074388,0.00036820713489539147,-0.007284962287520079,3.2104059206447753,0.7357319342533789,0.7663877492750973,108.84870428468624,0.6415505412527154,-0.7230723508305299,2.336
-0.1489741014703538,0.00031824709846070467,-0.007317352209380546,3.207454601234664,0.7360144779404579,0.7667348974024628,115.46427850686811,0.6546906865130416,-0.7158224161748148,2.344
-0.14622357127274271,0.0002672090943509919,-0.007350047757096863,3.2040276764060547,0.7365334474901538,0.7673193334857009,122.31817098556344,0.6681788412399109,-0.7066131942455984,2.352
-0.1436375289898063,0.0002151296615405542,-0.007383056444605224,3.200116430634887,0.7372915834027856,0.7681437618538527,129.38486888177053,0.6820030359505291,-0.6945388043573625,2.36
-0.14121818312592416,0.000162046527693048,-0.007416384980261153,3.195712475816141,0.7382915044167314,0.7692107655984403,136.63078865014518,0.696140309147927,-0.6780433110117272,2.368
-0.13896773032388715,0.00010799861117688752,-0.007450039187599481,3.1908077891442845,0.7395356946203226,0.7705227938578633,144.01132323113404,0.7105449172397559,-0.6542271302927328,2.376
-0.13688835435513017,5.302601882661113e-05,-0.007484023943811308,3.185394750167372,0.7410264845461461,0.7720821427605209,151.4636164960096,0.7251173464651407,-0.6170716439148014,2.384
-0.13498222403958823,-2.829959276837851e-06,-0.007518343109227454,3.1794661796642965,0.7427660359487868,0.7738909402634487,158.8842364822421,0.7396068718794991,-0.552158106207746,2.392
-0.1332514911010384,-5.952683784298191e-05,-0.007552999444292762,3.173015377994592,0.7447563246287328,0.7759511289517149,166.0406823885387,0.7532265710143395,-0.4187022266851301,2.4
-0.13169828896965574,-0.00011702093462207875,-0.007587994549653774,3.1660361653616125,0.7469991234526324,0.778264449096495,172.1805485030707,0.762976777214902,-0.11265390039377611,2.408
-0.13032472951015062,-0.00017526736847316452,-0.007623328789596876,3.158522922950446,0.7494959854499642,0.7808324217979311,175.78984280276703,0.7628065428560574,0.2902236245655129,2.416
-0.12913289979739395,-0.00023422006644904965,-0.007659001230647998,3.1504706352822223,0.7522482275325376,0.7836563327814049,177.28014499402008,0.7552676318615655,0.49818521111933106,2.424
-0.12812486134599338,-0.00029383175686713585,-0.0076950095894643905,3.141874928199658,0.755256910351517,0.7867372121166553,177.75724570786622,0.7455230860955092,0.590800843325147,2.432
-0.12730264687363607,-0.0003540539600896484,-0.007731350165112388,3.132732110321713,0.7585228205584638,0.7900758165148112,177.5548957525503,0.7351475024544213,0.6397610567230356,2.44
-0.12666825753645072,-0.0004148369876095762,-0.0077680177811287315,3.123039213647158,0.762046451933002,0.793672610438191,176.76131516977722,0.7245857424584008,0.6694965332743066,2.448
-0.12622365962208204,-0.0004761299525568182,-0.00780500572985434,3.1127940351276755,0.7658279866662052,0.7975277473787084,175.40800443480373,0.7139995041767876,0.6893382835403697,2.456
-0.12597078060183128,-0.0005378807666373457,-0.007842305731606205,3.1019951788136133,0.7698672797038968,0.8016410543029807,173.5135139113486,0.7034608190650927,0.7034759190356613,2.464
-0.125911505399141,-0.0006000361295219409,-0.007879907873808698,3.0906420965569272,0.7741638410978987,0.8060120140380492,171.09596595161014,0.6930069180544819,0.7140421357390988,2.472
-0.12604767439478462,-0.0006625415337089538,-0.007917800580408193,3.0787351239622383,0.7787168132916399,0.8106397423175523,168.17730983235515,0.6826593501951669,0.7222297775117953,2.48
-0.12638107915931324,-0.0007253412766382245,-0.007955970564640738,3.0662755222979206,0.7835249540722949,0.8155229708003916,164.78479380886353,0.6724317622123053,0.728755866020569,2.488
-0.12691345851722435,-0.0007883784778899418,-0.007994402814548692,3.0532655158167077,0.7885866193026526,0.8206600297856032,160.95125491279342,0.6623334560887252,0.7340764804723365,2.496
-0.12764649419805427,-0.0008515950713527908,-0.008033080556773226,3.039708330000065,0.7938997477651034,0.8260488331468885,156.71479884878025,0.6523711693205804,0.7384952042811,2.504
-0.12858180533457783,-0.0009149318001143421,-0.008071985212496524,3.0256082299215787,0.7994618438170149,0.831686860975212,152.11811829674312,0.642550032732553,0.7422217796929262,2.512
-0.12972094480978097,-0.0009783282388262278,-0.008111096387324629,3.0109705535801594,0.805269958267727,0.8375711403080297,147.2075751993674,0.6328741143553768,0.7454056844664269,2.52
-0.13106539501577397,-0.0010417228194021118,-0.008150391856578065,2.995801744575972,0.8113206710661058,0.8436982277445321,142.03214518271892,0.6233467438917372,0.7481562827531836,2.528
-0.13261656294549232,-0.0011050528641717776,-0.008189847593248836,2.9801093829007836,0.8176100798085505,0.8500641980437126,136.64229740954138,0.6139707176033959,0.7505554110339865,2.536
-0.13437577510743473,-0.001168254608059181,-0.008229437761999843,2.9639022150781575,0.8241337870284915,0.8566646314631357,131.088869117155,0.6047484290798875,0.7526655121700208,2.544
-0.13634427159815413,-0.0012312631937251607,-0.00826913469330479,2.947190184068757,0.8308868807883466,0.8634945940913089,125.42198963354323,0.5956819566439722,0.7545350492980811,2.552
-0.13852319982469646,-0.0012940127072066522,-0.008308908884632435,2.929984455587527,0.8378639263147736,0.8705486296531377,119.69009609088323,0.5867731230616915,0.756202204949552,2.56
-0.1409136099917865,-0.0013564362258706845,-0.008348729046592911,2.912297439340767,0.8450589518963725,0.8778207452178945,113.93907112211754,0.5780235379435332,0.7576974654197455,2.568
-0.14351645030420282,-0.0014184658688469478,-0.008388562145208675,2.894142805037234,0.8524654441321414,0.8853044066161632,108.2115302668675,0.5694346287170853,0.7590454640303943,2.576
-0.14633256076651702,-0.00148003284528948,-0.008428373436074756,2.8755355000694585,0.8600763348837407,0.8929925251578182,102.54627307628694,0.5610076632284848,0.7602663188418317,2.584
-0.14936266596007583,-0.0015410674895987078,-0.008468126483086464,2.8564917677165704,0.8678839926166287,0.9008774489057921,96.97789951416395,0.5527437669907755,0.7613766199273522,2.592
-0.15260736928621144,-0.0016014993265854873,-0.00850778321178667,2.8370291551955913,0.8758802177066134,0.90895095797496,91.53658250447933,0.5446439366016638,0.7623901687566254,2.6
-0.15606714692495272,-0.001661257114602852,-0.008547303960428191,2.817166518378443,0.8840562451599772,0.9172042674538193,86.24798758103195,0.536709051838471,0.7633185393420884,2.608
-0.1597423426746375,-0.0017202689451161807,-0.008586647572924924,2.796924021060023,0.8924027400530944,0.9256280226650235,81.133320494109,0.5289398846132083,0.7641715089615503,2.616
-0.16363316126118937,-0.0017784622999757927,-0.008625771454489409,2.776323133265204,0.9009097920745968,0.9342122934558685,76.20948531530223,0.5213371065448591,0.7649573926192762,2.624
-0.16773966102129195,-0.0018357641472314505,-0.008664631657480444,2.7553866284263755,0.9095669202736668,0.9429465790004088,71.48932941855253,0.5139012956914547,0.7656833057275924,2.632
-0.17206174762041396,-0.0018921010270714503,-0.008703182978227083,2.734138570195535,0.9183630780926955,0.9518198127918478,66.9819519492283,0.5066329433643686,0.7663553720602524,2.64
-0.17659917036774458,-0.0019473991500742558,-0.008741379061230424,2.7126042869113633,0.927286667508799,0.9608203769890115,62.69305437302898,0.49953245996591955,0.7669788900610486,2.648
-0.18135151324416418,-0.0020015844790187125,-0.00877917248309035,2.690810358654887,0.9363255438827206,0.9699361070419451,58.62532065758187,0.49260017979081006,0.7675584665387537,2.656
-0.18631819007518394,-0.002054582829359869,-0.008816514854687613,2.6687845848134404,0.9454670222277586,0.9791542977494586,54.778803154897204,0.4858363663926545,0.7680981251234412,2.664
-0.1914984374112879,-0.0021063200085062895,-0.00885335696799418,2.646555953825629,0.9546978951807474,0.9884617212711307,51.15130596868478,0.4792412174518358,0.7686013951288899,2.672
-0.19689131001188753,-0.002156721955482329,-0.008889648947200382,2.6241545997140174,0.9640044543743186,0.9978446485683857,47.73875208670786,0.47281486990340327,0.769071384621071,2.68
-0.20249567572074154,-0.0022057148639552434,-0.008925340380052146,2.6016117561560548,0.9733725107123837,1.0072888696376692,44.53552870003024,0.46655740450301614,0.7695108408209712,2.688
-0.20831020850593704,-0.002253225310056239,-0.008960380455860534,2.5789597101718837,0.9827874166653335,1.0167797157193066,41.534805544346106,0.460468849867378,0.7699222003940411,2.696
-0.21433338557959047,-0.0022991803360538506,-0.008994718060421156,2.5562317390097284,0.9922340919574761,1.0263020849872153,38.72882041365355,0.45454918668889266,0.7703076315101435,2.704
-0.2205634817979746,-0.0023435076057068144,-0.009028301942474046,2.5334620486049984,1.0016970475864262,1.0358404663924066,36.109133713901834,0.44879835306431726,0.7706690691536209,2.712
-0.2269985632692961,-0.0023861356362762775,-0.009061080959168136,2.5106857085271175,1.0111604243018153,1.0453789782233571,33.6668504158367,0.44321624861072695,0.7710082451900085,2.72
-0.23363648311168478,-0.002426993922203654,-0.009093004212508892,2.4879385758337516,1.0206080258161643,1.0549014012691218,31.39280961602679,0.43780273872854525,0.7713267137285222,2.728
-0.24047487845272458,-0.002466013105603502,-0.009124021232278765,2.465257212625559,1.0300233567027366,1.064391216696682,29.277744132925058,0.4325576589165868,0.771625872780692,2.736
-0.24751117203679765,-0.002503125103658364,-0.009154082121808599,2.442678789627059,1.0393896642457234,1.0738316479388725,27.312411779168343,0.4274808183846468,0.7719069828178293,2.744
-0.2547425648773266,-0.002538263184641035,-0.009183137647213933,2.4202410034231705,1.0486899755393118,1.0832056976860043,25.487704290237474,0.42257200438233067,0.7721711826017887,2.7520000000000002
-0.2621660322792639,-0.002571362271312904,-0.009211139552677118,2.397981981656603,1.0579071481711078,1.09249619860338,23.794732938236564,0.4178309869771324,0.772419503004927,2.7600000000000002
-0.2697783245592724,-0.002602359063926786,-0.009238040700458064,2.3759401756887155,1.0670239157194867,1.1016858587905551,22.224893803156235,0.41325752283451916,0.7726528788600612,2.7680000000000002
-0.27757596645534516,-0.0026311922029575736,-0.009263795252180795,2.354154252618798,1.0760229367244007,1.1107573107368682,20.769916838957784,0.4088513594418494,0.7728721592568473,2.7760000000000002
-0.28555525313664754,-0.0026578024511830396,-0.009288358863266259,2.332662990944275,1.0848868503007847,1.1196931670154306,19.42190118689419,0.4046122389159374,0.7730781165617643,2.7840000000000003
-0.2937122554322163,-0.0026821328509736815,-0.00931168885925243,2.311505158819731,1.0935983302076464,1.1284760743402709,18.17333709657782,0.4005399010281092,0.773271454274557,2.7920000000000003
-0.3020428188123684,-0.0027041288980412664,-0.009333744423762154,2.29071939654535,1.1021401358160259,1.1370887644577885,17.017119141794215,0.39663408796304844,0.7734528138219198,2.8000000000000003
-0.31054256219699206,-0.0027237387203518453,-0.009354486792169601,2.270344100151848,1.1104951722818048,1.1455141144293521,15.94655119871057,0.39289454828653964,0.7736227806012508,2.8080000000000003
-0.31920688002976116,-0.002740913169450975,-0.00937387936407799,2.2504172992850235,1.1186465465552582,1.153735202682153,14.955344498573213,0.3893210405803537,0.773781889238485,2.8160000000000003
-0.3280309450426428,-0.002755605976334261,-0.009391887870294416,2.230976532673128,1.1265776249285333,1.161735366560114,14.037610574370403,0.38591333691303764,0.7739306282488981,2.824
-0.33700971393709594,-0.0027677739538549354,-0.009408480592205934,2.2120587202562065,1.1342720882779491,1.1694982574753312,13.187850124522496,0.3826712265435197,0.7740694441387728,2.832
-0.34613793317182184,-0.0027773771204783705,-0.009423628503946145,2.193700037793016,1.1417139960477212,1.1770079050569358,12.400939052691418,0.37959451865435995,0.7741987450921504,2.84
-0.3554101393595095,-0.0027843788227952717,-0.009437305410475792,2.1759357980815963,1.1488878452335107,1.1842487762486336,11.67211291727496,0.37668304677068937,0.7743189041575347,2.848
-0.3648206645270629,-0.0027887458456585263,-0.009449488074032921,2.1588003282062056,1.1557786232862244,1.1912058281581004,10.996949513031323,0.37393667209518744,0.7744302620631388,2.856
-0.37436364490568597,-0.0027904485357890417,-0.009460156350689808,2.1423268461880376,1.1623718617975831,1.1978645617090464,10.371350452764384,0.3713552865669225,0.7745331297369296,2.864
-0.38403302653774607,-0.0027894609158010926,-0.009469293317395726,2.1265473463381523,1.168653700684914,1.2042110861177049,9.791522645509549,0.36893881613945656,0.7746277905988477,2.872
-0.393822573265639,-0.0027857607810546706,-0.009476885386626364,2.111492483319955,1.174610937543091,1.2102321682114494,9.253959623068564,0.3666872239790845,0.7747145025186575,2.88
-0.4037258724758594,-0.002779329741303807,-0.009482922367130707,2.0971914641747,1.1802310718589786,1.2159152765825052,8.755423255531673,0.36460051384831804,0.7747934995201267,2.888
-0.4137363452306398,-0.0027701533085132328,-0.009487397561506425,2.08367194251118,1.1855023590014442,1.2212486357608898,8.292925713478773,0.36267873298361536,0.7748649933774292,2.896
-0.42384725549479796,-0.002758220953215304,-0.009490307835932434,2.0709599194059276,1.1904138611379476,1.226221277331062,7.863712140783,0.3609219750697267,0.7749291750145734,2.904
-0.43405172080908494,-0.002743526143917465,-0.009491653674213734,2.0590796503662308,1.194955485999816,1.2308230786763796,7.4652440217898155,0.3593303830091381,0.7749862156931832,2.912
-0.4443427215199194,-0.0027260663944760188,-0.009491439241152422,2.0480535592091758,1.19911801535044,1.2350447912324203,7.095183425559577,0.35790415148823024,0.7750362680286818,2.92
-0.4547131100598428,-0.0027058432578373186,-0.009489672390989171,2.037902160832456,1.2028931557355422,1.2388780917342963,6.751378114012994,0.3566435304563768,0.7750794669714993,2.928
-0.46515562436716396,-0.002682862311888741,-0.009486364662416244,2.028643989119277,1.2062735684763313,1.2423156122369203,6.431847377106957,0.3555488274415837,0.7751159306028137,2.936
-0.4756628980914367,-0.0026571331407916374,-0.00948153127233446,2.0202955352331537,1.2092528940391762,1.2453509644855714,6.134768873352782,0.3546204101927139,0.7751457608011234,2.944
-0.4862274713425607,-0.0026286693310043573,-0.009475191119104153,2.0128711941607462,1.2118257680731357,1.2479787558340192,5.858466309759781,0.35385870907055506,0.7751690437911722,2.952
-0.4968418045739341,-0.002597488469965957,-0.009467366802869647,2.0063832179524437,1.213987852492077,1.2501946206788528,5.601397896804367,0.35326421974008737,0.7751858506827155,2.96
-0.507498290630521,-0.0025636119951886905,-0.009458084483767195,2.0008416810805363,1.2157358487216856,1.2519952338165419,5.3621456750818375,0.35283750568578326,0.7751962378255115,2.968
-0.5181892648015581,-0.0025270651387119115,-0.009447373833944839,1.9962544532424025,1.2170675020214197,1.2533783146748505,5.139405655099145,0.3525792003612274,0.7752002470822225,2.976
-0.5289070181086014,-0.0024878768425121486,-0.009435267964618764,1.9926271818409005,1.2179816092180078,1.2543426351766822,4.931978625045941,0.3524900095218997,0.7751979060411242,2.984
-0.5396438116483072,-0.0024460797651605993,-0.00942180344419756,1.9899632842795119,1.218478023436901,1.254888024567105,4.738761644213709,0.35257071322787253,0.7751892281723365,2.992
-0.5503918884236053,-0.002401710064978628,-0.009407020092991901,1.9882639501642316,1.2185576464816201,1.255015361847128,4.5587402533355155,0.35282216819346834,0.7751742128158058,3.0
-0.5611434818464316,-0.002354807262730203,-0.009390960852427903,1.9875281493036447,1.2182224207002752,1.2547265676889163,4.390981342809875,0.3532453098084556,0.7751528451334789,3.008
-0.5718908321591147,-0.002305414116120781,-0.009373671668699,1.9877526525548534,1.217475318640727,1.2540245942026589,4.234626456390301,0.35384115407106725,0.7751250959823902,3.016
-0.5826261989943211,-0.0022535765474982154,-0.009355201427928938,1.9889320608505077,1.2163203303964294,1.2529134123754226,4.088885704594392,0.35461079946475804,0.7750909217269816,3.024
-0.5933418710973926,-0.0021993434802406787,-0.009335601795606515,1.991058841330223,1.2147624348270956,1.2513979831746125,3.9530322080775835,0.35555542856045474,0.775050263881209,3.032
-0.6040301747846929,-0.002142766601315243,-0.009314926999374203,1.994123367454729,1.2128075784495198,1.249484236586337,3.826397009338619,0.35667631003694505,0.7750030487095793,3.04
-0.6146834909125207,-0.0020839002020391897,-0.009293233671196867,1.998113974764614,1.2104626484528476,1.2471790446904722,3.708364287540744,0.3579748002630769,0.7749491867307884,3.048
-0.6252942648895377,-0.002022801033906174,-0.009270580710091614,2.00301701978346,1.2077354416479256,1.2444901906210057,3.598367063322662,0.359452344826473,0.7748885721209227,3.056
-0.6358550147188888,-0.0019595281722827353,-0.009247029152153703,2.008816942937735,1.2046346341203003,1.241426338315252,3.495883277199263,0.36111047992530876,0.7748210820266139,3.064
-0.6463583385084678,-0.001894142763539647,-0.009222641925043214,2.015496337892517,1.2011697339226757,1.2379969850458534,3.4004321933573505,0.3629508336492229,0.7747465756580624,3.072
-0.6567969291693389,-0.0018267078259413983,-0.00919748365432661,2.023036031568887,1.197351045850495,1.2342124262876766,3.31157102806717,0.3649751274269801,0.7746648933493926,3.08
-0.6671635827192909,-0.0017572880647124204,-0.009171620483000084,2.031415164707855,1.1931896292128812,1.230083713489837,3.2288919270639878,0.36718517710551807,0.7745758554453945,3.088
-0.677451204752847,-0.0016859497398038715,-0.009145119944027943,2.0406112747333447,1.1886972628395587,1.2256226192693174,3.15201920974861,0.3695828939089799,0.7744792610929618,3.096
-0.6876528191054798,-0.0016127604067715797,-0.009118050701546027,2.0506003856656063,1.1838863892824714,1.2208415813884477,3.080606820576779,0.37217028534160457,0.7743748867323031,3.104
-0.6977615734076921,-0.0015377887488979747,-0.009090482380821595,2.0613570996952584,1.1787700639271732,1.215753651720118,3.014336019209461,0.3749494558262544,0.7742624844435917,3.112
-0.7077707488746751,-0.0014611043533517617,-0.009062485365729825,2.0728546907657672,1.1733619147008467,1.2103724561223437,2.9529132293102935,0.37792260769881436,0.7741417801287385,3.12
-0.7176737649738718,-0.0013827775608741615,-0.009034130643153174,2.0850651990334477,1.167676100486001,1.204712153009139,2.8960681060877858,0.38109204150186876,0.7740124714575196,3.128
-0.7274641867898469,-0.001302879253075171,-0.009005489592895634,2.09795953070937,1.1617272505713367,1.19878737244765,2.843551744091119,0.38446015645141063,0.773874225432169,3.136
-0.737135727675604,-0.0012214806683607331,-0.008976633805721205,2.1115075526177485,1.1555304158508968,1.1926131673149343,2.795135069586148,0.3880294505942193,0.7737266757037977,3.144
-0.7466822513344034,-0.001138653241481965,-0.008947634923900244,2.1256781867835093,1.1491010252162002,1.1862049697706387,2.750607368084257,0.3918025207346747,0.773569419571841,3.152
-0.756097780148344,-0.0010544684146721157,-0.00891856445249823,2.140439510250689,1.1424548405098873,1.179578546286417,2.7097748890432585,0.3957820623563669,0.7734020145583825,3.16
-0.7653764985816909,-0.000968997461665549,-0.008889493586123795,2.1557588538733636,1.1356078986413771,1.1727499393965362,2.672459603445772,0.39997086938795273,0.7732239744515631,3.168
-0.774512754033036,-0.0008823113398281014,-0.008860493060534618,2.1716028927285724,1.128576467503448,1.1657354236219912,2.6384980805388225,0.4043718336278709,0.7730347648932144,3.176
-0.7835010571570917,-0.0007944805527918338,-0.00883163300576381,2.187937737934098,1.121377008718399,1.1585514683997689,2.6077404586066826,0.40898794369066244,0.7728337984048128,3.184
-0.7923360833130002,-0.0007055749966930318,-0.008802982785570453,2.204729026520963,1.1140261260460762,1.151214686219988,2.5800494949547566,0.41382228398026216,0.7726204286028481,3.192
-0.801012677765581,-0.0006156637739599933,-0.008774610834165147,2.2219420152384814,1.1065405176853484,1.1437417847506515,2.555299674847197,0.41887803402830204,0.7723939435820716,3.2
-0.8095258534525336,-0.0005248151150490949,-0.008746584563944455,2.2395416617546875,1.0989369386385697,1.1361495292097412,2.5333764371544945,0.42415846673507973,0.772153558441033,3.208
-0.8178707924669728,-0.00043309626326481945,-0.008718970247497085,2.2574927108419036,1.0912321673357654,1.1284547091534127,2.514175442525875,0.42966694651547843,0.7718984066978625,3.216
-0.8260428412642292,-0.00034057334610927584,-0.008691832884926568,2.275759766935811,1.0834429601316826,1.1206740926064729,2.4976019419719746,0.4354069272570129,0.7716275303259433,3.224
-0.8340375120125374,-0.0002473112331955168,-0.008665236055260064,2.294307373140585,1.0755860119810505,1.1128243866402752,2.483570162245592,0.44138194997457403,0.7713398682226041,3.232
-0.8418504833348338,-0.0001533734850055282,-0.008639241864130145,2.313100087584003,1.0676779257112898,1.1049222066774855,2.4720027480415068,0.44759564018776593,0.7710342429396725,3.24
-0.8494775983235768,-5.882228333158545e-05,-0.008613910868102976,2.3321025537256266,1.0597351824661716,1.0969840469608205,2.462830267521889,0.4540517047953935,0.7707093452522296,3.248
-0.8569148604105443,3.628165561391254e-05,-0.00858930198151223,2.351279560473517,1.0517741042020696,1.0890262427338433,2.4559907743577907,0.46075392872085386,0.7703637160499989,3.2560000000000002
-0.8641584284055859,0.00013187918462955568,-0.008565472350675025,2.37059610126407,1.043810828201114,1.0810649447813123,2.4514294113951074,0.4677061706676578,0.7699957252314463,3.2640000000000002
-0.871204618685579,0.00022791277038961087,-0.008542477300239892,2.390017442691948,1.035861279673787,1.0731160920118126,2.4490980132909734,0.47491235889142147,0.7696035467909574,3.2720000000000002
-0.8780499010678585,0.0003243265101247699,-0.00852037033943616,2.409509176779111,1.0279411466315826,1.0651953862053734,2.4489547836380816,0.48237648710579323,0.7691851294184399,3.2800000000000002
-0.8846908940374343,0.00042106618167705827,-0.008499203085486877,2.4290372685533774,1.020065854855142,1.0573182668377612,2.4509640022089885,0.49010260891778923,0.7687381615767096,3.2880000000000003
-0.891124361428621,0.0005180792843263767,-0.008479025212586918,2.4485681055235164,1.0122505472795313,1.049499890433288,2.455095755592875,0.49809483206407407,0.7682600298502482,3.2960000000000003
-0.8973472087766045,0.0006153151230578839,-0.008459884353346783,2.4680685462263035,1.004510068730156,1.041755115381831,2.4613256967846717,0.5063573118884298,0.76774776906586,3.3040000000000003
-0.9033564793744141,0.000712724740628121,-0.008441826158619816,2.4875059578654333,0.9968589427376661,1.0340984785177307,2.469634834216537,0.5148942445285228,0.7671980019526082,3.3120000000000003
-0.9091493500707161,0.0008102609435356946,-0.008424894260781711,2.5068482550333497,0.9893113557435014,1.0265441792811785,2.480009345867082,0.5237098592636978,0.7666068660217877,3.3200000000000003
-0.9147231278038438,0.0009078783034757922,-0.00840913025726817,2.5260639382529257,0.9818811428309289,1.0191060654089925,2.492440411899795,0.5328084100240411,0.7659699242729929,3.3280000000000003
-0.9200752460108454,0.0010055331959731464,-0.00839457365781658,2.5451221301099314,0.974581774647281,1.0117976198196599,2.5069240698701845,0.5421941661322368,0.7652820553814287,3.3360000000000003
-0.9252032565857993,0.0011031837664240197,-0.008381261881181953,2.563992594581514,0.9674263503167245,1.0046319535689217,2.5234611097438324,0.5518714011040711,0.7645373178898988,3.344
-0.9301048278151538,0.001200789875160861,-0.008369230300972466,2.582645770259033,0.9604275806297267,0.9976217888616522,2.542056960734836,0.5618443815215137,0.7637287802156382,3.352
-0.9347777412762306,0.0012983131008125245,-0.008358512251140137,2.6010528015567793,0.9535977802561448,0.990779451237558,2.5627216020244665,0.5721173548333166,0.7628483068518572,3.36
-0.939219886024594,0.0013957167187306934,-0.008349139012843787,2.6191855577763543,0.9469488591832255,0.9841168609707782,2.5854694989265634,0.5826945344887046,0.761886286629878,3.368
-0.9434292526653822,0.0014929656759273893,-0.00834113981679952,2.637016649410322,0.940492318607684,0.9776455290077756,2.610319553415558,0.5935800830473086,0.7608312840957423,3.376
-0.9474039297044291,0.0015900265444304235,-0.008334541867710665,2.654519450346156,0.934239247402748,0.9713765534665392,2.6372950540478843,0.6047780928785472,0.7596695871909259,3.384
-0.9511421014094287,0.0016868674598794686,-0.008329370393155594,2.671668122998139,0.928200309494294,0.965320606782394,2.6664236305359807,0.6162925647710201,0.7583846127502334,3.392
-0.9546420409999774,0.0017834580831059537,-0.008325648653542373,2.6884376264495207,0.9223857433168315,0.959487935265579,2.6977372313973382,0.6281273807580863,0.7569561164485075,3.4
-0.9579021058813973,0.0018797695540951702,-0.008323397957620833,2.7048037294135034,0.9168053577319977,0.9538883550060229,2.731272090467377,0.6402862716178086,0.7553591266175158,3.408
-0.9609207352545697,0.0019757744408979956,-0.008322637687720739,2.720743029283181,0.9114685320324395,0.9485312519236968,2.7670686678751943,0.6527727761247201,0.7535624832743022,3.416
-0.9636964468789145,0.0020714466943821527,-0.008323385335585663,2.736232967513949,0.9063842116934496,0.9434255774328394,2.805171575542781,0.6655901900375577,0.7515267998546347,3.424
-0.9662278307155655,0.0021667615590487614,-0.008325656552717267,2.7512518332367577,0.9015609054282603,0.9385798455340724,2.8456294673007605,0.6787414966638662,0.7492015641414337,3.432
-0.9685135451843881,0.002261695522410384,-0.00832946517230969,2.765778773635838,0.8970066848356449,0.9340021324867374,2.8884948364076464,0.6922292727871087,0.7465209230800134,3.44
-0.9705523146592969,0.0023562262510993075,-0.00833482324605971,2.7797938077320157,0.8927291819767186,0.9297000743217212,2.9338236676216694,0.7060555552212112,0.7433973983747016,3.448
-0.9723429271501911,0.002450332540306848,-0.0083417410579928,2.7932778384409427,0.8887355916323688,0.9256808691910846,2.9816748440320353,0.7202216421572402,0.739712247270779,3.456
-0.9738842294038141,0.0025439942348917484,-0.00835022717944375,2.806212656279762,0.8850326702964069,0.9219512764085637,3.032109154513687,0.7347277874375167,0.7353001805144034,3.464
-0.9751751232010997,0.002637192142267197,-0.008360288509056655,2.81858094600444,0.8816267341554606,0.9185176144052979,3.085187545268003,0.7495727062615525,0.7299241854339514,3.472
-0.9762145635725588,0.002729907963516791,-0.008371930288434427,2.830366298162283,0.8785236578765591,0.9153857594653766,3.1409679542019653,0.7647527326418426,0.7232321198074627,3.48
-0.9770015555091401,0.0028221242453133487,-0.00838515616339852,2.841553214349187,0.8757288763249637,0.912561147549256,3.1994993709406803,0.780260293442588,0.7146776855574188,3.488
-0.9775351532488539,0.002913824312289418,-0.008399968195124043,2.8521271191470565,0.8732473870452706,0.9100487768773377,3.260809960971853,0.7960809369560774,0.7033666466271807,3.496
-0.9778144559675614,0.003004992174080886,-0.008416366913097951,2.86207436149615,0.8710837477275895,0.9078532053621159,3.324881498418198,0.8121870222052151,0.6877316605567841,3.504
-0.9778386058947919,0.0030956124590359913,-0.008434351347948772,2.8713822222096264,0.869242075483271,0.9059785498494278,3.3915880007637105,0.8285227090136275,0.6647678401289335,3.512
-0.9776067865311043,0.003185670343797402,-0.008453919060245795,2.880038920459546,0.8677260479481618,0.9044284873548216,3.4605254285382574,0.8449624855586916,0.6279687588895697,3.52
-0.9771182211764163,0.0032751514764147766,-0.008475066167026521,2.88803362068654,0.8665389033312402,0.9032062551427502,3.5304315326844646,0.8611701835580161,0.5606507984391464,3.528
-0.9763721736465465,0.0033640419137224075,-0.008497787370521526,2.8953564451944396,0.8656834413813184,0.902314651728102,3.5965680959597233,0.875963564206209,0.40995793682251186,3.536
-0.9753679447242484,0.0034523280220338016,-0.00852207598771552,2.90199847405152,0.8651620216057049,0.9017560351074863,3.637476612974335,0.8841055847884525,0.03318863473314233,3.544
-0.9741048712642655,0.0035399964366551314,-0.008547923991486078,2.9079517503308563,0.8649765641927847,0.9015323237710058,3.617483112504231,0.8769703492999281,-0.3778640217617363,3.552
-0.9725823257356675,0.0036270339856460908,-0.008575322034375102,2.9132092865421346,0.8651285496979725,0.9016449964267682,3.5660399939980767,0.8617988753861986,-0.5489883614463279,3.56
-0.9707997161888086,0.0037134276209369642,-0.008604259472967134,2.917765071394836,0.8656190191631938,0.9020950921393914,3.5086275348260325,0.8448186952773106,-0.6230792952176399,3.568
-0.968756487730801,0.003799164342544391,-0.008634724397587959,2.9216140806545376,0.8664485742201419,0.9028832104961589,3.4510888346315167,0.827470183881513,-0.6626614026002581,3.576
-0.9664521200201854,0.0038842311354394523,-0.008666703647691053,2.924752274527371,0.8676173764188974,0.9040095109976988,3.394974658428008,0.8101476755695731,-0.6870007586178861,3.584
-0.9638861281319149,0.00396861490901585,-0.008700182839115478,2.9271766040657234,0.8691251474194099,0.905473713292805,3.3408153737132293,0.7929958290183545,-0.7034086190201365,3.592
-0.9610580625939544,0.004052302430117531,-0.008735146380418866,2.9288850138949742,0.8709711694949012,0.907275097726013,3.2888185656916264,0.7760793639606984,-0.7151953820081546,3.6
-0.9579675124544552,0.0041352802240732685,-0.008771577477945826,2.929876454939424,0.8731542841136041,0.9094125039565546,3.2390673682469413,0.7594313309092895,-0.7240631632329355,3.608
-0.9546141060969454,0.004217534555100254,-0.008809458177884956,2.930150885908866,0.8756728928179511,0.9118843318610067,3.191590489112536,0.7430701654382251,-0.7309727261936584,3.616
-0.9509975096593091,0.004299051367809003,-0.008848769381339446,2.929709266842415,0.878524958871619,0.914688543279182,3.1463911114928407,0.7270067332344621,-0.7365061615494048,3.624
-0.9471174291958531,0.004379816225255956,-0.008889490857186532,2.928553563573415,0.8817080079223062,0.917822662708514,3.103460264371953,0.7112475999725572,-0.7410362195359608,3.632
-0.9429736129114377,0.004459814238620683,-0.00893160125825916,2.9266867508813745,0.8852191280935465,0.9212837774307523,3.0627836116420295,0.6957966958842741,-0.7448124439163912,3.64
-0.9385658543691302,0.004539030019153869,-0.008975078136331291,2.924112817096118,0.8890549705419302,0.9250685380623285,3.0243451446532092,0.6806562238711674,-0.748008093996543,3.648
-0.9338939930058192,0.0046174476346515034,-0.009019897959795194,2.9208367582728076,0.8932117525790078,0.929173161753951,2.9881293579212094,0.6658271890118913,-0.7507471760968185,3.656
-0.9289579154300016,0.004695050563512102,-0.00906603612360121,2.9168645730382248,0.8976852601903167,0.9335934347680855,2.9541226119544004,0.6513097257554493,-0.7531207575522683,3.664
-0.9237575601096071,0.004771821615025254,-0.009113466942167981,2.9122032685680237,0.902470848779471,0.9383247132333856,2.9223140182873655,0.6371033080394122,-0.7551972073512072,3.672
-0.9182929183919426,0.004847742905054545,-0.009162163675141177,2.906860848969712,0.9075634472852573,0.9433619273000166,2.892696091797487,0.6232068904684935,-0.7570288444840867,3.68
-0.9125640371695999,0.004922795826075346,-0.00921209856127436,2.9008463088273864,0.9129575622692578,0.9486995852155069,2.865265238316745,0.6096190051791651,-0.7586563813762129,3.688
-0.9065710218882419,0.0049969610058696115,-0.00926324281969776,2.894169626148641,0.9186472823763454,0.9543317778288776,2.840022182812944,0.5963378364837556,-0.7601119695744862,3.696
-0.9003140388216532,0.005070218264921241,-0.009315566659191471,2.8868417504189257,0.9246262835427389,0.9602521838484532,2.816972358435158,0.5833612764789343,-0.7614213351074218,3.704
-0.8937933182865834,0.005142546583901518,-0.009369039291496965,2.8788745916391907,0.930887834842075,0.9664540756956905,2.7961262728269722,0.5706869674665461,-0.762605305668076,3.712
-0.8870091569378125,0.005213924077289978,-0.009423628941029981,2.8702810044132874,0.9374248054946631,0.9729303265349416,2.777499889431924,0.5583123364092585,-0.7636809223303417,3.72
-0.8799619230462663,0.005284327962555284,-0.00947930287571284,2.8610747795757705,0.9442296715921007,0.9796734169291486,2.761115001663669,0.5462346214337058,-0.7646622619576469,3.728
-0.8726520588575298,0.005353734538220634,-0.009536027402424563,2.8512706251472406,0.9512945259603445,0.986675444793306,2.746999681410021,0.5344508986340012,-0.7655610541789192,3.736
-0.865080083357394,0.005422119159293474,-0.009593767891221856,2.8408841444328563,0.9586110870929301,0.9939281343298091,2.7351887583448327,0.5229581034331858,-0.7663871505868399,3.744
-0.8572465950013383,0.0054894562210427815,-0.0096524888006893,2.8299318098642665,0.9661707080203452,1.0014228448604792,2.7257243551751915,0.5117530498147717,-0.7671488857715889,3.7520000000000002
-0.8491522753534623,0.005555719155379418,-0.009712153685258582,2.8184309413649564,0.9739643899286148,1.0091505844656674,2.718656470281555,0.5008324455793899,-0.7678533583985742,3.7600000000000002
-0.8407978933072301,0.00562088041747383,-0.00977272523744912,2.8063996838378795,0.9819827941080408,1.0171020218607547,2.714043628240535,0.49019290569679314,-0.7685066520414667,3.7680000000000002
-0.8321843065111596,0.005684911484960661,-0.009834165289528374,2.793856971503757,0.9902162563130518,1.0252675008329821,2.711953659676421,0.47983096906386424,-0.7691140101852986,3.7760000000000002
-0.8233124653268203,0.005747782851961307,-0.009896434845420563,2.7808224993134747,0.9986547987142674,1.0336370521082263,2.7124645485555257,0.4697431110794751,-0.7696799763193364,3.7840000000000003
-0.8141834158958826,0.0058094640451489925,-0.009959494124870636,2.767316690062823,1.0072881467531052,1.0422004102139228,2.7156653992170985,0.4599257552021691,-0.7702085070024555,3.7920000000000003
-0.8047983028210176,0.0058699236198405755,-0.010023302572512681,2.7533606571238916,1.016105747026537,1.050947031349725,2.7216575338996645,0.4503752830060564,-0.7707030637484459,3.8000000000000003
-0.7951583728248033,0.005929129169885416,-0.01008781890417434,2.738976169902892,1.0250967842349479,1.0598661102643798,2.7305557354966923,0.44108804350554104,-0.7711666881721164,3.8080000000000003
-0.7852649761632392,0.005987047350092022,-0.010153001127196939,2.7241856083074745,1.034250198592915,1.068946597647802,2.7424897019206766,0.43206036511779844,-0.7716020637701734,3.8160000000000003
-0.7751195697300656,0.006043643899998454,-0.010218806589368261,2.70901192234985,1.04355470592612,1.0781772201989666,2.7576056754426124,0.4232885638516513,-0.7720115672255231,3.8240000000000003
-0.76472371955482,0.006098883675762855,-0.010285192031974743,2.693478588077935,1.0529988174187292,1.0875465003318872,2.776068319191988,0.4147689518275793,-0.7723973111137641,3.8320000000000003
-0.7540791037867984,0.006152730672376289,-0.010352113616609067,2.677609566926896,1.0625708625232118,1.097042779065568,2.798062865709553,0.4064978450276923,-0.7727611797211726,3.8400000000000003
-0.7431875154207406,0.0062051480434207155,-0.010419526964921991,2.6614292592214186,1.0722590087178825,1.1066542356975082,2.8237975897951775,0.3984715704129725,-0.7731048591517871,3.848
-0.7320508619771865,0.006256098158481795,-0.010487387222633723,2.6449624467266633,1.0820512851504267,1.1163689114024187,2.8535066906446835,0.39068647346702723,-0.7734298628277754,3.856
-0.720671167967343,0.006305542647096689,-0.010555649114371976,2.6282342463528634,1.0919356059856133,1.1261747325457108,2.88745359816633,0.3831389247130286,-0.773737553148652,3.864
-0.7090505769560538,0.006353442453759087,-0.010624267009999187,2.6112700604038492,1.1018997922707492,1.136059532463717,2.9259348110278864,0.37582532586917644,-0.7740291599599864,3.872
-0.6971913526692861,0.006399757870380372,-0.01069319496360033,2.594095524753613,1.1119315959469043,1.1460110754026303,2.969284368823743,0.3687421156029767,-0.7743057964025433,3.88
-0.6850958792360559,0.006444448597496959,-0.010762386768201859,2.5767364540532967,1.122018725225815,1.1560170819411777,3.0178790899839436,0.36188577636264685,-0.7745684725019395,3.888
-0.6727666632684324,0.006487473843066466,-0.010831796064120873,2.5592187956514363,1.1321488717237047,1.1660652560519191,3.072144672306286,0.35525283904668464,-0.7748181069791849,3.896
-0.6602063335697528,0.006528792354531923,-0.01090137638468561,2.5415685716307985,1.1423097311074286,1.176143305610294,3.13256287839446,0.348839886954405,-0.7750555374166925,3.904
-0.6474176424465584,0.006568362498602624,-0.010971081233379138,2.5238118283039985,1.1524890258777165,1.1862389651077272,3.199680006622454,0.342643560905602,-0.7752815290869819,3.912
-0.6344034650731721,0.006606142321000679,-0.011040864146337436,2.5059745841305983,1.1626745303166384,1.196340020563751,3.274116933277371,0.33666056351035634,-0.7754967826750763,3.92
-0.6211667985244012,0.006642089622312458,-0.011110678764503432,2.4880827768691343,1.1728540948772568,1.2064343339169368,3.356581058083969,0.33088766363143646,-0.7757019410101132,3.928
-0.6077107605326518,0.00667616205681644,-0.01118047892378498,2.4701622109849275,1.183015671783384,1.2165098686285591,3.447880573238817,0.3253217009515974,-0.7758975949796324,3.936
-0.5940385921533472,0.006708317234075873,-0.011250218770016229,2.4522385200349266,1.1931473353393025,1.22655470979051,3.548941506895919,0.31995958809054265,-0.7760842887562341,3.944
-0.5801536569151878,0.006738512798801341,-0.011319852829367184,2.434337115946438,1.2032373030147738,1.2365570851942924,3.66082832289791,0.31479831442902256,-0.7762625243515733,3.952
-0.5660594368609076,0.006766706485164799,-0.011389336062430174,2.416483138161325,1.2132739547973626,1.2465053846561822,3.7847689073616007,0.3098349492822854,-0.7764327656388724,3.96
-0.551759532027798,0.006792856220415223,-0.011458623962872576,2.3987014136982854,1.2232458534527129,1.2563881802316221,3.922184952225448,0.30506664486153334,-0.7765954419383136,3.968
-0.5372576586914304,0.006816920235500569,-0.01152767265704385,2.3810164138411025,1.2331417669365585,1.2661942486742568,4.074729189590069,0.30049063949814436,-0.7767509511996357,3.976
-0.5225576486386138,0.006838857150187991,-0.011596438990086347,2.3634522193326175,1.2429506821828544,1.2759125850922155,4.244331238429223,0.2961042596132524,-0.7768996628186443,3.984
-0.5076634474120154,0.006858626077915081,-0.011664880620252852,2.3460324856182786,1.2526618217889613,1.2855324196008102,4.433254479809157,0.2919049220958231,-0.7770419201555834,3.992
-0.4925791133130645,0.006876186762959213,-0.011732956150719898,2.3287804156420595,1.2622646610914252,1.2950432343799134,4.644167054208065,0.2878901366040433,-0.7771780427932856,4.0
